IMPROPER 8993 9000 8998 9002 $FC  120.0
IMPROPER 9010 9021 9013 9015 $FC -120.0
DIHEDRAL 9045 9048 9050 9052 $FC  0.0
IMPROPER 9120 9127 9125 9129 $FC  120.0
IMPROPER 9137 9148 9140 9142 $FC -120.0
DIHEDRAL 9172 9175 9177 9179 $FC  0.0
IMPROPER 9247 9254 9252 9256 $FC  120.0
IMPROPER 9264 9275 9267 9269 $FC -120.0
DIHEDRAL 9299 9302 9304 9306 $FC  0.0
IMPROPER 9374 9381 9379 9383 $FC  120.0
IMPROPER 9391 9402 9394 9396 $FC -120.0
DIHEDRAL 9426 9429 9431 9433 $FC  0.0
IMPROPER 9501 9508 9506 9510 $FC  120.0
IMPROPER 9518 9529 9521 9523 $FC -120.0
DIHEDRAL 9553 9556 9558 9560 $FC  0.0
IMPROPER 9643 9654 9646 9648 $FC -120.0
DIHEDRAL 9678 9681 9683 9685 $FC  0.0
IMPROPER 9768 9779 9771 9773 $FC -120.0
DIHEDRAL 9803 9806 9808 9810 $FC  0.0
IMPROPER 9878 9885 9883 9887 $FC  120.0
IMPROPER 9895 9906 9898 9900 $FC -120.0
DIHEDRAL 9930 9933 9935 9937 $FC  0.0
IMPROPER 10005 10012 10010 10014 $FC  120.0
IMPROPER 10022 10033 10025 10027 $FC -120.0
DIHEDRAL 10057 10060 10062 10064 $FC  0.0
IMPROPER 10147 10158 10150 10152 $FC -120.0
DIHEDRAL 10182 10185 10187 10189 $FC  0.0
IMPROPER 10257 10264 10262 10266 $FC  120.0
IMPROPER 10274 10285 10277 10279 $FC -120.0
DIHEDRAL 10309 10312 10314 10316 $FC  0.0
IMPROPER 10384 10391 10389 10393 $FC  120.0
IMPROPER 10401 10412 10404 10406 $FC -120.0
DIHEDRAL 10436 10439 10441 10443 $FC  0.0
IMPROPER 10511 10518 10516 10520 $FC  120.0
IMPROPER 10528 10539 10531 10533 $FC -120.0
DIHEDRAL 10563 10566 10568 10570 $FC  0.0
IMPROPER 10638 10645 10643 10647 $FC  120.0
IMPROPER 10655 10666 10658 10660 $FC -120.0
DIHEDRAL 10690 10693 10695 10697 $FC  0.0
IMPROPER 10765 10772 10770 10774 $FC  120.0
IMPROPER 10782 10793 10785 10787 $FC -120.0
DIHEDRAL 10817 10820 10822 10824 $FC  0.0
IMPROPER 10892 10899 10897 10901 $FC  120.0
IMPROPER 10909 10920 10912 10914 $FC -120.0
DIHEDRAL 10944 10947 10949 10951 $FC  0.0
IMPROPER 11019 11026 11024 11028 $FC  120.0
IMPROPER 11036 11047 11039 11041 $FC -120.0
DIHEDRAL 11071 11074 11076 11078 $FC  0.0
IMPROPER 11146 11153 11151 11155 $FC  120.0
IMPROPER 11163 11174 11166 11168 $FC -120.0
DIHEDRAL 11198 11201 11203 11205 $FC  0.0
IMPROPER 11273 11280 11278 11282 $FC  120.0
IMPROPER 11290 11301 11293 11295 $FC -120.0
DIHEDRAL 11325 11328 11330 11332 $FC  0.0
IMPROPER 11400 11407 11405 11409 $FC  120.0
IMPROPER 11417 11428 11420 11422 $FC -120.0
DIHEDRAL 11452 11455 11457 11459 $FC  0.0
IMPROPER 11527 11534 11532 11536 $FC  120.0
IMPROPER 11544 11555 11547 11549 $FC -120.0
DIHEDRAL 11579 11582 11584 11586 $FC  0.0
IMPROPER 11654 11661 11659 11663 $FC  120.0
IMPROPER 11671 11682 11674 11676 $FC -120.0
DIHEDRAL 11706 11709 11711 11713 $FC  0.0
IMPROPER 11781 11788 11786 11790 $FC  120.0
IMPROPER 11798 11809 11801 11803 $FC -120.0
DIHEDRAL 11833 11836 11838 11840 $FC  0.0
IMPROPER 11923 11934 11926 11928 $FC -120.0
DIHEDRAL 11958 11961 11963 11965 $FC  0.0
IMPROPER 12033 12040 12038 12042 $FC  120.0
IMPROPER 12050 12061 12053 12055 $FC -120.0
DIHEDRAL 12085 12088 12090 12092 $FC  0.0
IMPROPER 12160 12167 12165 12169 $FC  120.0
IMPROPER 12177 12188 12180 12182 $FC -120.0
DIHEDRAL 12212 12215 12217 12219 $FC  0.0
IMPROPER 12287 12294 12292 12296 $FC  120.0
IMPROPER 12304 12315 12307 12309 $FC -120.0
DIHEDRAL 12339 12342 12344 12346 $FC  0.0
IMPROPER 12414 12421 12419 12423 $FC  120.0
IMPROPER 12431 12442 12434 12436 $FC -120.0
DIHEDRAL 12466 12469 12471 12473 $FC  0.0
IMPROPER 12541 12548 12546 12550 $FC  120.0
IMPROPER 12558 12569 12561 12563 $FC -120.0
DIHEDRAL 12593 12596 12598 12600 $FC  0.0
IMPROPER 12668 12675 12673 12677 $FC  120.0
IMPROPER 12685 12696 12688 12690 $FC -120.0
DIHEDRAL 12720 12723 12725 12727 $FC  0.0
IMPROPER 12810 12821 12813 12815 $FC -120.0
DIHEDRAL 12845 12848 12850 12852 $FC  0.0
IMPROPER 12935 12946 12938 12940 $FC -120.0
DIHEDRAL 12970 12973 12975 12977 $FC  0.0
IMPROPER 13060 13071 13063 13065 $FC -120.0
DIHEDRAL 13095 13098 13100 13102 $FC  0.0
IMPROPER 13185 13196 13188 13190 $FC -120.0
DIHEDRAL 13220 13223 13225 13227 $FC  0.0
IMPROPER 13310 13321 13313 13315 $FC -120.0
DIHEDRAL 13345 13348 13350 13352 $FC  0.0
IMPROPER 13435 13446 13438 13440 $FC -120.0
DIHEDRAL 13470 13473 13475 13477 $FC  0.0
IMPROPER 13545 13552 13550 13554 $FC  120.0
IMPROPER 13562 13573 13565 13567 $FC -120.0
DIHEDRAL 13597 13600 13602 13604 $FC  0.0
IMPROPER 13672 13679 13677 13681 $FC  120.0
IMPROPER 13689 13700 13692 13694 $FC -120.0
DIHEDRAL 13724 13727 13729 13731 $FC  0.0
IMPROPER 13814 13825 13817 13819 $FC -120.0
DIHEDRAL 13849 13852 13854 13856 $FC  0.0
IMPROPER 13924 13931 13929 13933 $FC  120.0
IMPROPER 13941 13952 13944 13946 $FC -120.0
DIHEDRAL 13976 13979 13981 13983 $FC  0.0
IMPROPER 14051 14058 14056 14060 $FC  120.0
IMPROPER 14068 14079 14071 14073 $FC -120.0
DIHEDRAL 14103 14106 14108 14110 $FC  0.0
IMPROPER 14178 14185 14183 14187 $FC  120.0
IMPROPER 14195 14206 14198 14200 $FC -120.0
DIHEDRAL 14230 14233 14235 14237 $FC  0.0
IMPROPER 14305 14312 14310 14314 $FC  120.0
IMPROPER 14322 14333 14325 14327 $FC -120.0
DIHEDRAL 14357 14360 14362 14364 $FC  0.0
IMPROPER 14447 14458 14450 14452 $FC -120.0
DIHEDRAL 14482 14485 14487 14489 $FC  0.0
IMPROPER 14557 14564 14562 14566 $FC  120.0
IMPROPER 14574 14585 14577 14579 $FC -120.0
DIHEDRAL 14609 14612 14614 14616 $FC  0.0
IMPROPER 14684 14691 14689 14693 $FC  120.0
IMPROPER 14701 14712 14704 14706 $FC -120.0
DIHEDRAL 14736 14739 14741 14743 $FC  0.0
IMPROPER 14811 14818 14816 14820 $FC  120.0
IMPROPER 14828 14839 14831 14833 $FC -120.0
DIHEDRAL 14863 14866 14868 14870 $FC  0.0
IMPROPER 14938 14945 14943 14947 $FC  120.0
IMPROPER 14955 14966 14958 14960 $FC -120.0
DIHEDRAL 14990 14993 14995 14997 $FC  0.0
IMPROPER 15080 15091 15083 15085 $FC -120.0
DIHEDRAL 15115 15118 15120 15122 $FC  0.0
IMPROPER 15190 15197 15195 15199 $FC  120.0
IMPROPER 15207 15218 15210 15212 $FC -120.0
DIHEDRAL 15242 15245 15247 15249 $FC  0.0
IMPROPER 15317 15324 15322 15326 $FC  120.0
IMPROPER 15334 15345 15337 15339 $FC -120.0
DIHEDRAL 15369 15372 15374 15376 $FC  0.0
IMPROPER 15444 15451 15449 15453 $FC  120.0
IMPROPER 15461 15472 15464 15466 $FC -120.0
DIHEDRAL 15496 15499 15501 15503 $FC  0.0
IMPROPER 15571 15578 15576 15580 $FC  120.0
IMPROPER 15588 15599 15591 15593 $FC -120.0
DIHEDRAL 15623 15626 15628 15630 $FC  0.0
IMPROPER 15698 15705 15703 15707 $FC  120.0
IMPROPER 15715 15726 15718 15720 $FC -120.0
DIHEDRAL 15750 15753 15755 15757 $FC  0.0
IMPROPER 15840 15851 15843 15845 $FC -120.0
DIHEDRAL 15875 15878 15880 15882 $FC  0.0
IMPROPER 15950 15957 15955 15959 $FC  120.0
IMPROPER 15967 15978 15970 15972 $FC -120.0
DIHEDRAL 16002 16005 16007 16009 $FC  0.0
IMPROPER 16077 16084 16082 16086 $FC  120.0
IMPROPER 16094 16105 16097 16099 $FC -120.0
DIHEDRAL 16129 16132 16134 16136 $FC  0.0
IMPROPER 16204 16211 16209 16213 $FC  120.0
IMPROPER 16221 16232 16224 16226 $FC -120.0
DIHEDRAL 16256 16259 16261 16263 $FC  0.0
IMPROPER 16331 16338 16336 16340 $FC  120.0
IMPROPER 16348 16359 16351 16353 $FC -120.0
DIHEDRAL 16383 16386 16388 16390 $FC  0.0
IMPROPER 16458 16465 16463 16467 $FC  120.0
IMPROPER 16475 16486 16478 16480 $FC -120.0
DIHEDRAL 16510 16513 16515 16517 $FC  0.0
IMPROPER 16585 16592 16590 16594 $FC  120.0
IMPROPER 16602 16613 16605 16607 $FC -120.0
DIHEDRAL 16637 16640 16642 16644 $FC  0.0
IMPROPER 16712 16719 16717 16721 $FC  120.0
IMPROPER 16729 16740 16732 16734 $FC -120.0
DIHEDRAL 16764 16767 16769 16771 $FC  0.0
IMPROPER 16839 16846 16844 16848 $FC  120.0
IMPROPER 16856 16867 16859 16861 $FC -120.0
DIHEDRAL 16891 16894 16896 16898 $FC  0.0
IMPROPER 16966 16973 16971 16975 $FC  120.0
IMPROPER 16983 16994 16986 16988 $FC -120.0
DIHEDRAL 17018 17021 17023 17025 $FC  0.0
IMPROPER 17093 17100 17098 17102 $FC  120.0
IMPROPER 17110 17121 17113 17115 $FC -120.0
DIHEDRAL 17145 17148 17150 17152 $FC  0.0
IMPROPER 17220 17227 17225 17229 $FC  120.0
IMPROPER 17237 17248 17240 17242 $FC -120.0
DIHEDRAL 17272 17275 17277 17279 $FC  0.0
IMPROPER 17347 17354 17352 17356 $FC  120.0
IMPROPER 17364 17375 17367 17369 $FC -120.0
DIHEDRAL 17399 17402 17404 17406 $FC  0.0
IMPROPER 17489 17500 17492 17494 $FC -120.0
DIHEDRAL 17524 17527 17529 17531 $FC  0.0
IMPROPER 17599 17606 17604 17608 $FC  120.0
IMPROPER 17616 17627 17619 17621 $FC -120.0
DIHEDRAL 17651 17654 17656 17658 $FC  0.0
IMPROPER 17726 17733 17731 17735 $FC  120.0
IMPROPER 17743 17754 17746 17748 $FC -120.0
DIHEDRAL 17778 17781 17783 17785 $FC  0.0
IMPROPER 17853 17860 17858 17862 $FC  120.0
IMPROPER 17870 17881 17873 17875 $FC -120.0
DIHEDRAL 17905 17908 17910 17912 $FC  0.0
IMPROPER 17995 18006 17998 18000 $FC -120.0
DIHEDRAL 18030 18033 18035 18037 $FC  0.0
IMPROPER 18105 18112 18110 18114 $FC  120.0
IMPROPER 18122 18133 18125 18127 $FC -120.0
DIHEDRAL 18157 18160 18162 18164 $FC  0.0
IMPROPER 18247 18258 18250 18252 $FC -120.0
DIHEDRAL 18282 18285 18287 18289 $FC  0.0
IMPROPER 18357 18364 18362 18366 $FC  120.0
IMPROPER 18374 18385 18377 18379 $FC -120.0
DIHEDRAL 18409 18412 18414 18416 $FC  0.0
IMPROPER 18484 18491 18489 18493 $FC  120.0
IMPROPER 18501 18512 18504 18506 $FC -120.0
DIHEDRAL 18536 18539 18541 18543 $FC  0.0
IMPROPER 18611 18618 18616 18620 $FC  120.0
IMPROPER 18628 18639 18631 18633 $FC -120.0
DIHEDRAL 18663 18666 18668 18670 $FC  0.0
IMPROPER 18753 18764 18756 18758 $FC -120.0
DIHEDRAL 18788 18791 18793 18795 $FC  0.0
IMPROPER 18863 18870 18868 18872 $FC  120.0
IMPROPER 18880 18891 18883 18885 $FC -120.0
DIHEDRAL 18915 18918 18920 18922 $FC  0.0
IMPROPER 18990 18997 18995 18999 $FC  120.0
IMPROPER 19007 19018 19010 19012 $FC -120.0
DIHEDRAL 19042 19045 19047 19049 $FC  0.0
IMPROPER 19117 19124 19122 19126 $FC  120.0
IMPROPER 19134 19145 19137 19139 $FC -120.0
DIHEDRAL 19169 19172 19174 19176 $FC  0.0
IMPROPER 19244 19251 19249 19253 $FC  120.0
IMPROPER 19261 19272 19264 19266 $FC -120.0
DIHEDRAL 19296 19299 19301 19303 $FC  0.0
IMPROPER 19371 19378 19376 19380 $FC  120.0
IMPROPER 19388 19399 19391 19393 $FC -120.0
DIHEDRAL 19423 19426 19428 19430 $FC  0.0
IMPROPER 19498 19505 19503 19507 $FC  120.0
IMPROPER 19515 19526 19518 19520 $FC -120.0
DIHEDRAL 19550 19553 19555 19557 $FC  0.0
IMPROPER 19625 19632 19630 19634 $FC  120.0
IMPROPER 19642 19653 19645 19647 $FC -120.0
DIHEDRAL 19677 19680 19682 19684 $FC  0.0
IMPROPER 19752 19759 19757 19761 $FC  120.0
IMPROPER 19769 19780 19772 19774 $FC -120.0
DIHEDRAL 19804 19807 19809 19811 $FC  0.0
IMPROPER 19894 19905 19897 19899 $FC -120.0
DIHEDRAL 19929 19932 19934 19936 $FC  0.0
IMPROPER 20004 20011 20009 20013 $FC  120.0
IMPROPER 20021 20032 20024 20026 $FC -120.0
DIHEDRAL 20056 20059 20061 20063 $FC  0.0
IMPROPER 20146 20157 20149 20151 $FC -120.0
DIHEDRAL 20181 20184 20186 20188 $FC  0.0
IMPROPER 20256 20263 20261 20265 $FC  120.0
IMPROPER 20273 20284 20276 20278 $FC -120.0
DIHEDRAL 20308 20311 20313 20315 $FC  0.0
IMPROPER 20398 20409 20401 20403 $FC -120.0
DIHEDRAL 20433 20436 20438 20440 $FC  0.0
IMPROPER 20523 20534 20526 20528 $FC -120.0
DIHEDRAL 20558 20561 20563 20565 $FC  0.0
IMPROPER 20633 20640 20638 20642 $FC  120.0
IMPROPER 20650 20661 20653 20655 $FC -120.0
DIHEDRAL 20685 20688 20690 20692 $FC  0.0
IMPROPER 20760 20767 20765 20769 $FC  120.0
IMPROPER 20777 20788 20780 20782 $FC -120.0
DIHEDRAL 20812 20815 20817 20819 $FC  0.0
IMPROPER 20887 20894 20892 20896 $FC  120.0
IMPROPER 20904 20915 20907 20909 $FC -120.0
DIHEDRAL 20939 20942 20944 20946 $FC  0.0
IMPROPER 21014 21021 21019 21023 $FC  120.0
IMPROPER 21031 21042 21034 21036 $FC -120.0
DIHEDRAL 21066 21069 21071 21073 $FC  0.0
IMPROPER 21156 21167 21159 21161 $FC -120.0
DIHEDRAL 21191 21194 21196 21198 $FC  0.0
IMPROPER 21266 21273 21271 21275 $FC  120.0
IMPROPER 21283 21294 21286 21288 $FC -120.0
DIHEDRAL 21318 21321 21323 21325 $FC  0.0
IMPROPER 21393 21400 21398 21402 $FC  120.0
IMPROPER 21410 21421 21413 21415 $FC -120.0
DIHEDRAL 21445 21448 21450 21452 $FC  0.0
IMPROPER 21520 21527 21525 21529 $FC  120.0
IMPROPER 21537 21548 21540 21542 $FC -120.0
DIHEDRAL 21572 21575 21577 21579 $FC  0.0
IMPROPER 21662 21673 21665 21667 $FC -120.0
DIHEDRAL 21697 21700 21702 21704 $FC  0.0
IMPROPER 21772 21779 21777 21781 $FC  120.0
IMPROPER 21789 21800 21792 21794 $FC -120.0
DIHEDRAL 21824 21827 21829 21831 $FC  0.0
IMPROPER 21899 21906 21904 21908 $FC  120.0
IMPROPER 21916 21927 21919 21921 $FC -120.0
DIHEDRAL 21951 21954 21956 21958 $FC  0.0
IMPROPER 22026 22033 22031 22035 $FC  120.0
IMPROPER 22043 22054 22046 22048 $FC -120.0
DIHEDRAL 22078 22081 22083 22085 $FC  0.0
IMPROPER 22153 22160 22158 22162 $FC  120.0
IMPROPER 22170 22181 22173 22175 $FC -120.0
DIHEDRAL 22205 22208 22210 22212 $FC  0.0
IMPROPER 22280 22287 22285 22289 $FC  120.0
IMPROPER 22297 22308 22300 22302 $FC -120.0
DIHEDRAL 22332 22335 22337 22339 $FC  0.0
IMPROPER 22407 22414 22412 22416 $FC  120.0
IMPROPER 22424 22435 22427 22429 $FC -120.0
DIHEDRAL 22459 22462 22464 22466 $FC  0.0
IMPROPER 22549 22560 22552 22554 $FC -120.0
DIHEDRAL 22584 22587 22589 22591 $FC  0.0
IMPROPER 22659 22666 22664 22668 $FC  120.0
IMPROPER 22676 22687 22679 22681 $FC -120.0
DIHEDRAL 22711 22714 22716 22718 $FC  0.0
IMPROPER 22786 22793 22791 22795 $FC  120.0
IMPROPER 22803 22814 22806 22808 $FC -120.0
DIHEDRAL 22838 22841 22843 22845 $FC  0.0
IMPROPER 22913 22920 22918 22922 $FC  120.0
IMPROPER 22930 22941 22933 22935 $FC -120.0
DIHEDRAL 22965 22968 22970 22972 $FC  0.0
IMPROPER 23040 23047 23045 23049 $FC  120.0
IMPROPER 23057 23068 23060 23062 $FC -120.0
DIHEDRAL 23092 23095 23097 23099 $FC  0.0
IMPROPER 23182 23193 23185 23187 $FC -120.0
DIHEDRAL 23217 23220 23222 23224 $FC  0.0
IMPROPER 23292 23299 23297 23301 $FC  120.0
IMPROPER 23309 23320 23312 23314 $FC -120.0
DIHEDRAL 23344 23347 23349 23351 $FC  0.0
IMPROPER 23419 23426 23424 23428 $FC  120.0
IMPROPER 23436 23447 23439 23441 $FC -120.0
DIHEDRAL 23471 23474 23476 23478 $FC  0.0
IMPROPER 23546 23553 23551 23555 $FC  120.0
IMPROPER 23563 23574 23566 23568 $FC -120.0
DIHEDRAL 23598 23601 23603 23605 $FC  0.0
IMPROPER 23673 23680 23678 23682 $FC  120.0
IMPROPER 23690 23701 23693 23695 $FC -120.0
DIHEDRAL 23725 23728 23730 23732 $FC  0.0
IMPROPER 23800 23807 23805 23809 $FC  120.0
IMPROPER 23817 23828 23820 23822 $FC -120.0
DIHEDRAL 23852 23855 23857 23859 $FC  0.0
IMPROPER 23927 23934 23932 23936 $FC  120.0
IMPROPER 23944 23955 23947 23949 $FC -120.0
DIHEDRAL 23979 23982 23984 23986 $FC  0.0
IMPROPER 24054 24061 24059 24063 $FC  120.0
IMPROPER 24071 24082 24074 24076 $FC -120.0
DIHEDRAL 24106 24109 24111 24113 $FC  0.0
IMPROPER 24181 24188 24186 24190 $FC  120.0
IMPROPER 24198 24209 24201 24203 $FC -120.0
DIHEDRAL 24233 24236 24238 24240 $FC  0.0
IMPROPER 24308 24315 24313 24317 $FC  120.0
IMPROPER 24325 24336 24328 24330 $FC -120.0
DIHEDRAL 24360 24363 24365 24367 $FC  0.0
IMPROPER 24435 24442 24440 24444 $FC  120.0
IMPROPER 24452 24463 24455 24457 $FC -120.0
DIHEDRAL 24487 24490 24492 24494 $FC  0.0
IMPROPER 24562 24569 24567 24571 $FC  120.0
IMPROPER 24579 24590 24582 24584 $FC -120.0
DIHEDRAL 24614 24617 24619 24621 $FC  0.0
IMPROPER 24689 24696 24694 24698 $FC  120.0
IMPROPER 24706 24717 24709 24711 $FC -120.0
DIHEDRAL 24741 24744 24746 24748 $FC  0.0
IMPROPER 24816 24823 24821 24825 $FC  120.0
IMPROPER 24833 24844 24836 24838 $FC -120.0
DIHEDRAL 24868 24871 24873 24875 $FC  0.0
IMPROPER 24943 24950 24948 24952 $FC  120.0
IMPROPER 24960 24971 24963 24965 $FC -120.0
DIHEDRAL 24995 24998 25000 25002 $FC  0.0
IMPROPER 25085 25096 25088 25090 $FC -120.0
DIHEDRAL 25120 25123 25125 25127 $FC  0.0
IMPROPER 25195 25202 25200 25204 $FC  120.0
IMPROPER 25212 25223 25215 25217 $FC -120.0
DIHEDRAL 25247 25250 25252 25254 $FC  0.0
IMPROPER 25322 25329 25327 25331 $FC  120.0
IMPROPER 25339 25350 25342 25344 $FC -120.0
DIHEDRAL 25374 25377 25379 25381 $FC  0.0
IMPROPER 25464 25475 25467 25469 $FC -120.0
DIHEDRAL 25499 25502 25504 25506 $FC  0.0
IMPROPER 25574 25581 25579 25583 $FC  120.0
IMPROPER 25591 25602 25594 25596 $FC -120.0
DIHEDRAL 25626 25629 25631 25633 $FC  0.0
IMPROPER 25701 25708 25706 25710 $FC  120.0
IMPROPER 25718 25729 25721 25723 $FC -120.0
DIHEDRAL 25753 25756 25758 25760 $FC  0.0
IMPROPER 25828 25835 25833 25837 $FC  120.0
IMPROPER 25845 25856 25848 25850 $FC -120.0
DIHEDRAL 25880 25883 25885 25887 $FC  0.0
IMPROPER 25955 25962 25960 25964 $FC  120.0
IMPROPER 25972 25983 25975 25977 $FC -120.0
DIHEDRAL 26007 26010 26012 26014 $FC  0.0
IMPROPER 26097 26108 26100 26102 $FC -120.0
DIHEDRAL 26132 26135 26137 26139 $FC  0.0
IMPROPER 26207 26214 26212 26216 $FC  120.0
IMPROPER 26224 26235 26227 26229 $FC -120.0
DIHEDRAL 26259 26262 26264 26266 $FC  0.0
IMPROPER 26334 26341 26339 26343 $FC  120.0
IMPROPER 26351 26362 26354 26356 $FC -120.0
DIHEDRAL 26386 26389 26391 26393 $FC  0.0
IMPROPER 26476 26487 26479 26481 $FC -120.0
DIHEDRAL 26511 26514 26516 26518 $FC  0.0
IMPROPER 26586 26593 26591 26595 $FC  120.0
IMPROPER 26603 26614 26606 26608 $FC -120.0
DIHEDRAL 26638 26641 26643 26645 $FC  0.0
IMPROPER 26713 26720 26718 26722 $FC  120.0
IMPROPER 26730 26741 26733 26735 $FC -120.0
DIHEDRAL 26765 26768 26770 26772 $FC  0.0
IMPROPER 26840 26847 26845 26849 $FC  120.0
IMPROPER 26857 26868 26860 26862 $FC -120.0
DIHEDRAL 26892 26895 26897 26899 $FC  0.0
IMPROPER 26967 26974 26972 26976 $FC  120.0
IMPROPER 26984 26995 26987 26989 $FC -120.0
DIHEDRAL 27019 27022 27024 27026 $FC  0.0
IMPROPER 27109 27120 27112 27114 $FC -120.0
DIHEDRAL 27144 27147 27149 27151 $FC  0.0
IMPROPER 27234 27245 27237 27239 $FC -120.0
DIHEDRAL 27269 27272 27274 27276 $FC  0.0
IMPROPER 27344 27351 27349 27353 $FC  120.0
IMPROPER 27361 27372 27364 27366 $FC -120.0
DIHEDRAL 27396 27399 27401 27403 $FC  0.0
IMPROPER 27471 27478 27476 27480 $FC  120.0
IMPROPER 27488 27499 27491 27493 $FC -120.0
DIHEDRAL 27523 27526 27528 27530 $FC  0.0
IMPROPER 27598 27605 27603 27607 $FC  120.0
IMPROPER 27615 27626 27618 27620 $FC -120.0
DIHEDRAL 27650 27653 27655 27657 $FC  0.0
IMPROPER 27740 27751 27743 27745 $FC -120.0
DIHEDRAL 27775 27778 27780 27782 $FC  0.0
IMPROPER 27850 27857 27855 27859 $FC  120.0
IMPROPER 27867 27878 27870 27872 $FC -120.0
DIHEDRAL 27902 27905 27907 27909 $FC  0.0
IMPROPER 27977 27984 27982 27986 $FC  120.0
IMPROPER 27994 28005 27997 27999 $FC -120.0
DIHEDRAL 28029 28032 28034 28036 $FC  0.0
IMPROPER 28119 28130 28122 28124 $FC -120.0
DIHEDRAL 28154 28157 28159 28161 $FC  0.0
IMPROPER 28229 28236 28234 28238 $FC  120.0
IMPROPER 28246 28257 28249 28251 $FC -120.0
DIHEDRAL 28281 28284 28286 28288 $FC  0.0
IMPROPER 28371 28382 28374 28376 $FC -120.0
DIHEDRAL 28406 28409 28411 28413 $FC  0.0
IMPROPER 28481 28488 28486 28490 $FC  120.0
IMPROPER 28498 28509 28501 28503 $FC -120.0
DIHEDRAL 28533 28536 28538 28540 $FC  0.0
IMPROPER 28608 28615 28613 28617 $FC  120.0
IMPROPER 28625 28636 28628 28630 $FC -120.0
DIHEDRAL 28660 28663 28665 28667 $FC  0.0
IMPROPER 28735 28742 28740 28744 $FC  120.0
IMPROPER 28752 28763 28755 28757 $FC -120.0
DIHEDRAL 28787 28790 28792 28794 $FC  0.0
IMPROPER 28862 28869 28867 28871 $FC  120.0
IMPROPER 28879 28890 28882 28884 $FC -120.0
DIHEDRAL 28914 28917 28919 28921 $FC  0.0
IMPROPER 28989 28996 28994 28998 $FC  120.0
IMPROPER 29006 29017 29009 29011 $FC -120.0
DIHEDRAL 29041 29044 29046 29048 $FC  0.0
IMPROPER 29116 29123 29121 29125 $FC  120.0
IMPROPER 29133 29144 29136 29138 $FC -120.0
DIHEDRAL 29168 29171 29173 29175 $FC  0.0
IMPROPER 29243 29250 29248 29252 $FC  120.0
IMPROPER 29260 29271 29263 29265 $FC -120.0
DIHEDRAL 29295 29298 29300 29302 $FC  0.0
IMPROPER 29370 29377 29375 29379 $FC  120.0
IMPROPER 29387 29398 29390 29392 $FC -120.0
DIHEDRAL 29422 29425 29427 29429 $FC  0.0
IMPROPER 29497 29504 29502 29506 $FC  120.0
IMPROPER 29514 29525 29517 29519 $FC -120.0
DIHEDRAL 29549 29552 29554 29556 $FC  0.0
IMPROPER 29624 29631 29629 29633 $FC  120.0
IMPROPER 29641 29652 29644 29646 $FC -120.0
DIHEDRAL 29676 29679 29681 29683 $FC  0.0
IMPROPER 29751 29758 29756 29760 $FC  120.0
IMPROPER 29768 29779 29771 29773 $FC -120.0
DIHEDRAL 29803 29806 29808 29810 $FC  0.0
IMPROPER 29878 29885 29883 29887 $FC  120.0
IMPROPER 29895 29906 29898 29900 $FC -120.0
DIHEDRAL 29930 29933 29935 29937 $FC  0.0
IMPROPER 30005 30012 30010 30014 $FC  120.0
IMPROPER 30022 30033 30025 30027 $FC -120.0
DIHEDRAL 30057 30060 30062 30064 $FC  0.0
IMPROPER 30132 30139 30137 30141 $FC  120.0
IMPROPER 30149 30160 30152 30154 $FC -120.0
DIHEDRAL 30184 30187 30189 30191 $FC  0.0
IMPROPER 30274 30285 30277 30279 $FC -120.0
DIHEDRAL 30309 30312 30314 30316 $FC  0.0
IMPROPER 30384 30391 30389 30393 $FC  120.0
IMPROPER 30401 30412 30404 30406 $FC -120.0
DIHEDRAL 30436 30439 30441 30443 $FC  0.0
IMPROPER 30511 30518 30516 30520 $FC  120.0
IMPROPER 30528 30539 30531 30533 $FC -120.0
DIHEDRAL 30563 30566 30568 30570 $FC  0.0
IMPROPER 30638 30645 30643 30647 $FC  120.0
IMPROPER 30655 30666 30658 30660 $FC -120.0
DIHEDRAL 30690 30693 30695 30697 $FC  0.0
IMPROPER 30765 30772 30770 30774 $FC  120.0
IMPROPER 30782 30793 30785 30787 $FC -120.0
DIHEDRAL 30817 30820 30822 30824 $FC  0.0
IMPROPER 30907 30918 30910 30912 $FC -120.0
DIHEDRAL 30942 30945 30947 30949 $FC  0.0
IMPROPER 31017 31024 31022 31026 $FC  120.0
IMPROPER 31034 31045 31037 31039 $FC -120.0
DIHEDRAL 31069 31072 31074 31076 $FC  0.0
IMPROPER 31159 31170 31162 31164 $FC -120.0
DIHEDRAL 31194 31197 31199 31201 $FC  0.0
IMPROPER 31269 31276 31274 31278 $FC  120.0
IMPROPER 31286 31297 31289 31291 $FC -120.0
DIHEDRAL 31321 31324 31326 31328 $FC  0.0
IMPROPER 31396 31403 31401 31405 $FC  120.0
IMPROPER 31413 31424 31416 31418 $FC -120.0
DIHEDRAL 31448 31451 31453 31455 $FC  0.0
IMPROPER 31523 31530 31528 31532 $FC  120.0
IMPROPER 31540 31551 31543 31545 $FC -120.0
DIHEDRAL 31575 31578 31580 31582 $FC  0.0
IMPROPER 31650 31657 31655 31659 $FC  120.0
IMPROPER 31667 31678 31670 31672 $FC -120.0
DIHEDRAL 31702 31705 31707 31709 $FC  0.0
IMPROPER 31777 31784 31782 31786 $FC  120.0
IMPROPER 31794 31805 31797 31799 $FC -120.0
DIHEDRAL 31829 31832 31834 31836 $FC  0.0
IMPROPER 31904 31911 31909 31913 $FC  120.0
IMPROPER 31921 31932 31924 31926 $FC -120.0
DIHEDRAL 31956 31959 31961 31963 $FC  0.0
IMPROPER 32031 32038 32036 32040 $FC  120.0
IMPROPER 32048 32059 32051 32053 $FC -120.0
DIHEDRAL 32083 32086 32088 32090 $FC  0.0
IMPROPER 32158 32165 32163 32167 $FC  120.0
IMPROPER 32175 32186 32178 32180 $FC -120.0
DIHEDRAL 32210 32213 32215 32217 $FC  0.0
IMPROPER 32285 32292 32290 32294 $FC  120.0
IMPROPER 32302 32313 32305 32307 $FC -120.0
DIHEDRAL 32337 32340 32342 32344 $FC  0.0
IMPROPER 32412 32419 32417 32421 $FC  120.0
IMPROPER 32429 32440 32432 32434 $FC -120.0
DIHEDRAL 32464 32467 32469 32471 $FC  0.0
IMPROPER 32554 32565 32557 32559 $FC -120.0
DIHEDRAL 32589 32592 32594 32596 $FC  0.0
IMPROPER 32664 32671 32669 32673 $FC  120.0
IMPROPER 32681 32692 32684 32686 $FC -120.0
DIHEDRAL 32716 32719 32721 32723 $FC  0.0
IMPROPER 32806 32817 32809 32811 $FC -120.0
DIHEDRAL 32841 32844 32846 32848 $FC  0.0
IMPROPER 32916 32923 32921 32925 $FC  120.0
IMPROPER 32933 32944 32936 32938 $FC -120.0
DIHEDRAL 32968 32971 32973 32975 $FC  0.0
IMPROPER 33043 33050 33048 33052 $FC  120.0
IMPROPER 33060 33071 33063 33065 $FC -120.0
DIHEDRAL 33095 33098 33100 33102 $FC  0.0
IMPROPER 33170 33177 33175 33179 $FC  120.0
IMPROPER 33187 33198 33190 33192 $FC -120.0
DIHEDRAL 33222 33225 33227 33229 $FC  0.0
IMPROPER 33297 33304 33302 33306 $FC  120.0
IMPROPER 33314 33325 33317 33319 $FC -120.0
DIHEDRAL 33349 33352 33354 33356 $FC  0.0
IMPROPER 33439 33450 33442 33444 $FC -120.0
DIHEDRAL 33474 33477 33479 33481 $FC  0.0
IMPROPER 33549 33556 33554 33558 $FC  120.0
IMPROPER 33566 33577 33569 33571 $FC -120.0
DIHEDRAL 33601 33604 33606 33608 $FC  0.0
IMPROPER 33676 33683 33681 33685 $FC  120.0
IMPROPER 33693 33704 33696 33698 $FC -120.0
DIHEDRAL 33728 33731 33733 33735 $FC  0.0
IMPROPER 33803 33810 33808 33812 $FC  120.0
IMPROPER 33820 33831 33823 33825 $FC -120.0
DIHEDRAL 33855 33858 33860 33862 $FC  0.0
IMPROPER 33930 33937 33935 33939 $FC  120.0
IMPROPER 33947 33958 33950 33952 $FC -120.0
DIHEDRAL 33982 33985 33987 33989 $FC  0.0
IMPROPER 34057 34064 34062 34066 $FC  120.0
IMPROPER 34074 34085 34077 34079 $FC -120.0
DIHEDRAL 34109 34112 34114 34116 $FC  0.0
IMPROPER 34184 34191 34189 34193 $FC  120.0
IMPROPER 34201 34212 34204 34206 $FC -120.0
DIHEDRAL 34236 34239 34241 34243 $FC  0.0
IMPROPER 34311 34318 34316 34320 $FC  120.0
IMPROPER 34328 34339 34331 34333 $FC -120.0
DIHEDRAL 34363 34366 34368 34370 $FC  0.0
IMPROPER 34453 34464 34456 34458 $FC -120.0
DIHEDRAL 34488 34491 34493 34495 $FC  0.0
IMPROPER 34563 34570 34568 34572 $FC  120.0
IMPROPER 34580 34591 34583 34585 $FC -120.0
DIHEDRAL 34615 34618 34620 34622 $FC  0.0
IMPROPER 34690 34697 34695 34699 $FC  120.0
IMPROPER 34707 34718 34710 34712 $FC -120.0
DIHEDRAL 34742 34745 34747 34749 $FC  0.0
IMPROPER 34817 34824 34822 34826 $FC  120.0
IMPROPER 34834 34845 34837 34839 $FC -120.0
DIHEDRAL 34869 34872 34874 34876 $FC  0.0
IMPROPER 34944 34951 34949 34953 $FC  120.0
IMPROPER 34961 34972 34964 34966 $FC -120.0
DIHEDRAL 34996 34999 35001 35003 $FC  0.0
IMPROPER 35071 35078 35076 35080 $FC  120.0
IMPROPER 35088 35099 35091 35093 $FC -120.0
DIHEDRAL 35123 35126 35128 35130 $FC  0.0
IMPROPER 35198 35205 35203 35207 $FC  120.0
IMPROPER 35215 35226 35218 35220 $FC -120.0
DIHEDRAL 35250 35253 35255 35257 $FC  0.0
IMPROPER 35325 35332 35330 35334 $FC  120.0
IMPROPER 35342 35353 35345 35347 $FC -120.0
DIHEDRAL 35377 35380 35382 35384 $FC  0.0
IMPROPER 35467 35478 35470 35472 $FC -120.0
DIHEDRAL 35502 35505 35507 35509 $FC  0.0
IMPROPER 35577 35584 35582 35586 $FC  120.0
IMPROPER 35594 35605 35597 35599 $FC -120.0
DIHEDRAL 35629 35632 35634 35636 $FC  0.0
IMPROPER 35704 35711 35709 35713 $FC  120.0
IMPROPER 35721 35732 35724 35726 $FC -120.0
DIHEDRAL 35756 35759 35761 35763 $FC  0.0
IMPROPER 35831 35838 35836 35840 $FC  120.0
IMPROPER 35848 35859 35851 35853 $FC -120.0
DIHEDRAL 35883 35886 35888 35890 $FC  0.0
IMPROPER 35958 35965 35963 35967 $FC  120.0
IMPROPER 35975 35986 35978 35980 $FC -120.0
DIHEDRAL 36010 36013 36015 36017 $FC  0.0
IMPROPER 36085 36092 36090 36094 $FC  120.0
IMPROPER 36102 36113 36105 36107 $FC -120.0
DIHEDRAL 36137 36140 36142 36144 $FC  0.0
IMPROPER 36227 36238 36230 36232 $FC -120.0
DIHEDRAL 36262 36265 36267 36269 $FC  0.0
IMPROPER 36337 36344 36342 36346 $FC  120.0
IMPROPER 36354 36365 36357 36359 $FC -120.0
DIHEDRAL 36389 36392 36394 36396 $FC  0.0
IMPROPER 36464 36471 36469 36473 $FC  120.0
IMPROPER 36481 36492 36484 36486 $FC -120.0
DIHEDRAL 36516 36519 36521 36523 $FC  0.0
IMPROPER 36591 36598 36596 36600 $FC  120.0
IMPROPER 36608 36619 36611 36613 $FC -120.0
DIHEDRAL 36643 36646 36648 36650 $FC  0.0
IMPROPER 36733 36744 36736 36738 $FC -120.0
DIHEDRAL 36768 36771 36773 36775 $FC  0.0
IMPROPER 36843 36850 36848 36852 $FC  120.0
IMPROPER 36860 36871 36863 36865 $FC -120.0
DIHEDRAL 36895 36898 36900 36902 $FC  0.0
IMPROPER 36970 36977 36975 36979 $FC  120.0
IMPROPER 36987 36998 36990 36992 $FC -120.0
DIHEDRAL 37022 37025 37027 37029 $FC  0.0
IMPROPER 37097 37104 37102 37106 $FC  120.0
IMPROPER 37114 37125 37117 37119 $FC -120.0
DIHEDRAL 37149 37152 37154 37156 $FC  0.0
IMPROPER 37224 37231 37229 37233 $FC  120.0
IMPROPER 37241 37252 37244 37246 $FC -120.0
DIHEDRAL 37276 37279 37281 37283 $FC  0.0
IMPROPER 37351 37358 37356 37360 $FC  120.0
IMPROPER 37368 37379 37371 37373 $FC -120.0
DIHEDRAL 37403 37406 37408 37410 $FC  0.0
IMPROPER 37493 37504 37496 37498 $FC -120.0
DIHEDRAL 37528 37531 37533 37535 $FC  0.0
IMPROPER 37603 37610 37608 37612 $FC  120.0
IMPROPER 37620 37631 37623 37625 $FC -120.0
DIHEDRAL 37655 37658 37660 37662 $FC  0.0
IMPROPER 37730 37737 37735 37739 $FC  120.0
IMPROPER 37747 37758 37750 37752 $FC -120.0
DIHEDRAL 37782 37785 37787 37789 $FC  0.0
IMPROPER 37857 37864 37862 37866 $FC  120.0
IMPROPER 37874 37885 37877 37879 $FC -120.0
DIHEDRAL 37909 37912 37914 37916 $FC  0.0
IMPROPER 37984 37991 37989 37993 $FC  120.0
IMPROPER 38001 38012 38004 38006 $FC -120.0
DIHEDRAL 38036 38039 38041 38043 $FC  0.0
IMPROPER 38111 38118 38116 38120 $FC  120.0
IMPROPER 38128 38139 38131 38133 $FC -120.0
DIHEDRAL 38163 38166 38168 38170 $FC  0.0
IMPROPER 38238 38245 38243 38247 $FC  120.0
IMPROPER 38255 38266 38258 38260 $FC -120.0
DIHEDRAL 38290 38293 38295 38297 $FC  0.0
IMPROPER 38380 38391 38383 38385 $FC -120.0
DIHEDRAL 38415 38418 38420 38422 $FC  0.0
IMPROPER 38490 38497 38495 38499 $FC  120.0
IMPROPER 38507 38518 38510 38512 $FC -120.0
DIHEDRAL 38542 38545 38547 38549 $FC  0.0
IMPROPER 38617 38624 38622 38626 $FC  120.0
IMPROPER 38634 38645 38637 38639 $FC -120.0
DIHEDRAL 38669 38672 38674 38676 $FC  0.0
IMPROPER 38744 38751 38749 38753 $FC  120.0
IMPROPER 38761 38772 38764 38766 $FC -120.0
DIHEDRAL 38796 38799 38801 38803 $FC  0.0
IMPROPER 38886 38897 38889 38891 $FC -120.0
DIHEDRAL 38921 38924 38926 38928 $FC  0.0
IMPROPER 38996 39003 39001 39005 $FC  120.0
IMPROPER 39013 39024 39016 39018 $FC -120.0
DIHEDRAL 39048 39051 39053 39055 $FC  0.0
IMPROPER 39123 39130 39128 39132 $FC  120.0
IMPROPER 39140 39151 39143 39145 $FC -120.0
DIHEDRAL 39175 39178 39180 39182 $FC  0.0
IMPROPER 39265 39276 39268 39270 $FC -120.0
DIHEDRAL 39300 39303 39305 39307 $FC  0.0
IMPROPER 39390 39401 39393 39395 $FC -120.0
DIHEDRAL 39425 39428 39430 39432 $FC  0.0
IMPROPER 39500 39507 39505 39509 $FC  120.0
IMPROPER 39517 39528 39520 39522 $FC -120.0
DIHEDRAL 39552 39555 39557 39559 $FC  0.0
IMPROPER 39627 39634 39632 39636 $FC  120.0
IMPROPER 39644 39655 39647 39649 $FC -120.0
DIHEDRAL 39679 39682 39684 39686 $FC  0.0
IMPROPER 39754 39761 39759 39763 $FC  120.0
IMPROPER 39771 39782 39774 39776 $FC -120.0
DIHEDRAL 39806 39809 39811 39813 $FC  0.0
IMPROPER 39881 39888 39886 39890 $FC  120.0
IMPROPER 39898 39909 39901 39903 $FC -120.0
DIHEDRAL 39933 39936 39938 39940 $FC  0.0
IMPROPER 40008 40015 40013 40017 $FC  120.0
IMPROPER 40025 40036 40028 40030 $FC -120.0
DIHEDRAL 40060 40063 40065 40067 $FC  0.0
IMPROPER 40150 40161 40153 40155 $FC -120.0
DIHEDRAL 40185 40188 40190 40192 $FC  0.0
IMPROPER 40260 40267 40265 40269 $FC  120.0
IMPROPER 40277 40288 40280 40282 $FC -120.0
DIHEDRAL 40312 40315 40317 40319 $FC  0.0
IMPROPER 40387 40394 40392 40396 $FC  120.0
IMPROPER 40404 40415 40407 40409 $FC -120.0
DIHEDRAL 40439 40442 40444 40446 $FC  0.0
IMPROPER 40529 40540 40532 40534 $FC -120.0
DIHEDRAL 40564 40567 40569 40571 $FC  0.0
IMPROPER 40639 40646 40644 40648 $FC  120.0
IMPROPER 40656 40667 40659 40661 $FC -120.0
DIHEDRAL 40691 40694 40696 40698 $FC  0.0
IMPROPER 40766 40773 40771 40775 $FC  120.0
IMPROPER 40783 40794 40786 40788 $FC -120.0
DIHEDRAL 40818 40821 40823 40825 $FC  0.0
IMPROPER 40893 40900 40898 40902 $FC  120.0
IMPROPER 40910 40921 40913 40915 $FC -120.0
DIHEDRAL 40945 40948 40950 40952 $FC  0.0
IMPROPER 41020 41027 41025 41029 $FC  120.0
IMPROPER 41037 41048 41040 41042 $FC -120.0
DIHEDRAL 41072 41075 41077 41079 $FC  0.0
IMPROPER 41147 41154 41152 41156 $FC  120.0
IMPROPER 41164 41175 41167 41169 $FC -120.0
DIHEDRAL 41199 41202 41204 41206 $FC  0.0
IMPROPER 41289 41300 41292 41294 $FC -120.0
DIHEDRAL 41324 41327 41329 41331 $FC  0.0
IMPROPER 41399 41406 41404 41408 $FC  120.0
IMPROPER 41416 41427 41419 41421 $FC -120.0
DIHEDRAL 41451 41454 41456 41458 $FC  0.0
IMPROPER 41526 41533 41531 41535 $FC  120.0
IMPROPER 41543 41554 41546 41548 $FC -120.0
DIHEDRAL 41578 41581 41583 41585 $FC  0.0
IMPROPER 41653 41660 41658 41662 $FC  120.0
IMPROPER 41670 41681 41673 41675 $FC -120.0
DIHEDRAL 41705 41708 41710 41712 $FC  0.0
IMPROPER 41780 41787 41785 41789 $FC  120.0
IMPROPER 41797 41808 41800 41802 $FC -120.0
DIHEDRAL 41832 41835 41837 41839 $FC  0.0
IMPROPER 41907 41914 41912 41916 $FC  120.0
IMPROPER 41924 41935 41927 41929 $FC -120.0
DIHEDRAL 41959 41962 41964 41966 $FC  0.0
IMPROPER 42034 42041 42039 42043 $FC  120.0
IMPROPER 42051 42062 42054 42056 $FC -120.0
DIHEDRAL 42086 42089 42091 42093 $FC  0.0
IMPROPER 42161 42168 42166 42170 $FC  120.0
IMPROPER 42178 42189 42181 42183 $FC -120.0
DIHEDRAL 42213 42216 42218 42220 $FC  0.0
IMPROPER 42288 42295 42293 42297 $FC  120.0
IMPROPER 42305 42316 42308 42310 $FC -120.0
DIHEDRAL 42340 42343 42345 42347 $FC  0.0
IMPROPER 42415 42422 42420 42424 $FC  120.0
IMPROPER 42432 42443 42435 42437 $FC -120.0
DIHEDRAL 42467 42470 42472 42474 $FC  0.0
IMPROPER 42542 42549 42547 42551 $FC  120.0
IMPROPER 42559 42570 42562 42564 $FC -120.0
DIHEDRAL 42594 42597 42599 42601 $FC  0.0
IMPROPER 42669 42676 42674 42678 $FC  120.0
IMPROPER 42686 42697 42689 42691 $FC -120.0
DIHEDRAL 42721 42724 42726 42728 $FC  0.0
IMPROPER 42796 42803 42801 42805 $FC  120.0
IMPROPER 42813 42824 42816 42818 $FC -120.0
DIHEDRAL 42848 42851 42853 42855 $FC  0.0
IMPROPER 42923 42930 42928 42932 $FC  120.0
IMPROPER 42940 42951 42943 42945 $FC -120.0
DIHEDRAL 42975 42978 42980 42982 $FC  0.0
IMPROPER 43050 43057 43055 43059 $FC  120.0
IMPROPER 43067 43078 43070 43072 $FC -120.0
DIHEDRAL 43102 43105 43107 43109 $FC  0.0
IMPROPER 43177 43184 43182 43186 $FC  120.0
IMPROPER 43194 43205 43197 43199 $FC -120.0
DIHEDRAL 43229 43232 43234 43236 $FC  0.0
IMPROPER 43319 43330 43322 43324 $FC -120.0
DIHEDRAL 43354 43357 43359 43361 $FC  0.0
IMPROPER 43429 43436 43434 43438 $FC  120.0
IMPROPER 43446 43457 43449 43451 $FC -120.0
DIHEDRAL 43481 43484 43486 43488 $FC  0.0
IMPROPER 43571 43582 43574 43576 $FC -120.0
DIHEDRAL 43606 43609 43611 43613 $FC  0.0
IMPROPER 43681 43688 43686 43690 $FC  120.0
IMPROPER 43698 43709 43701 43703 $FC -120.0
DIHEDRAL 43733 43736 43738 43740 $FC  0.0
IMPROPER 43808 43815 43813 43817 $FC  120.0
IMPROPER 43825 43836 43828 43830 $FC -120.0
DIHEDRAL 43860 43863 43865 43867 $FC  0.0
IMPROPER 43935 43942 43940 43944 $FC  120.0
IMPROPER 43952 43963 43955 43957 $FC -120.0
DIHEDRAL 43987 43990 43992 43994 $FC  0.0
IMPROPER 44062 44069 44067 44071 $FC  120.0
IMPROPER 44079 44090 44082 44084 $FC -120.0
DIHEDRAL 44114 44117 44119 44121 $FC  0.0
IMPROPER 44204 44215 44207 44209 $FC -120.0
DIHEDRAL 44239 44242 44244 44246 $FC  0.0
IMPROPER 44314 44321 44319 44323 $FC  120.0
IMPROPER 44331 44342 44334 44336 $FC -120.0
DIHEDRAL 44366 44369 44371 44373 $FC  0.0
IMPROPER 44441 44448 44446 44450 $FC  120.0
IMPROPER 44458 44469 44461 44463 $FC -120.0
DIHEDRAL 44493 44496 44498 44500 $FC  0.0
IMPROPER 44568 44575 44573 44577 $FC  120.0
IMPROPER 44585 44596 44588 44590 $FC -120.0
DIHEDRAL 44620 44623 44625 44627 $FC  0.0
IMPROPER 44710 44721 44713 44715 $FC -120.0
DIHEDRAL 44745 44748 44750 44752 $FC  0.0
IMPROPER 44835 44846 44838 44840 $FC -120.0
DIHEDRAL 44870 44873 44875 44877 $FC  0.0
IMPROPER 44945 44952 44950 44954 $FC  120.0
IMPROPER 44962 44973 44965 44967 $FC -120.0
DIHEDRAL 44997 45000 45002 45004 $FC  0.0
IMPROPER 45072 45079 45077 45081 $FC  120.0
IMPROPER 45089 45100 45092 45094 $FC -120.0
DIHEDRAL 45124 45127 45129 45131 $FC  0.0
IMPROPER 45199 45206 45204 45208 $FC  120.0
IMPROPER 45216 45227 45219 45221 $FC -120.0
DIHEDRAL 45251 45254 45256 45258 $FC  0.0
IMPROPER 45326 45333 45331 45335 $FC  120.0
IMPROPER 45343 45354 45346 45348 $FC -120.0
DIHEDRAL 45378 45381 45383 45385 $FC  0.0
IMPROPER 45453 45460 45458 45462 $FC  120.0
IMPROPER 45470 45481 45473 45475 $FC -120.0
DIHEDRAL 45505 45508 45510 45512 $FC  0.0
IMPROPER 45580 45587 45585 45589 $FC  120.0
IMPROPER 45597 45608 45600 45602 $FC -120.0
DIHEDRAL 45632 45635 45637 45639 $FC  0.0
IMPROPER 45707 45714 45712 45716 $FC  120.0
IMPROPER 45724 45735 45727 45729 $FC -120.0
DIHEDRAL 45759 45762 45764 45766 $FC  0.0
IMPROPER 45834 45841 45839 45843 $FC  120.0
IMPROPER 45851 45862 45854 45856 $FC -120.0
DIHEDRAL 45886 45889 45891 45893 $FC  0.0
IMPROPER 45961 45968 45966 45970 $FC  120.0
IMPROPER 45978 45989 45981 45983 $FC -120.0
DIHEDRAL 46013 46016 46018 46020 $FC  0.0
IMPROPER 46088 46095 46093 46097 $FC  120.0
IMPROPER 46105 46116 46108 46110 $FC -120.0
DIHEDRAL 46140 46143 46145 46147 $FC  0.0
IMPROPER 46215 46222 46220 46224 $FC  120.0
IMPROPER 46232 46243 46235 46237 $FC -120.0
DIHEDRAL 46267 46270 46272 46274 $FC  0.0
IMPROPER 46342 46349 46347 46351 $FC  120.0
IMPROPER 46359 46370 46362 46364 $FC -120.0
DIHEDRAL 46394 46397 46399 46401 $FC  0.0
IMPROPER 46469 46476 46474 46478 $FC  120.0
IMPROPER 46486 46497 46489 46491 $FC -120.0
DIHEDRAL 46521 46524 46526 46528 $FC  0.0
IMPROPER 46596 46603 46601 46605 $FC  120.0
IMPROPER 46613 46624 46616 46618 $FC -120.0
DIHEDRAL 46648 46651 46653 46655 $FC  0.0
IMPROPER 46723 46730 46728 46732 $FC  120.0
IMPROPER 46740 46751 46743 46745 $FC -120.0
DIHEDRAL 46775 46778 46780 46782 $FC  0.0
IMPROPER 46850 46857 46855 46859 $FC  120.0
IMPROPER 46867 46878 46870 46872 $FC -120.0
DIHEDRAL 46902 46905 46907 46909 $FC  0.0
IMPROPER 46977 46984 46982 46986 $FC  120.0
IMPROPER 46994 47005 46997 46999 $FC -120.0
DIHEDRAL 47029 47032 47034 47036 $FC  0.0
IMPROPER 47119 47130 47122 47124 $FC -120.0
DIHEDRAL 47154 47157 47159 47161 $FC  0.0
IMPROPER 47244 47255 47247 47249 $FC -120.0
DIHEDRAL 47279 47282 47284 47286 $FC  0.0
IMPROPER 47354 47361 47359 47363 $FC  120.0
IMPROPER 47371 47382 47374 47376 $FC -120.0
DIHEDRAL 47406 47409 47411 47413 $FC  0.0
IMPROPER 47481 47488 47486 47490 $FC  120.0
IMPROPER 47498 47509 47501 47503 $FC -120.0
DIHEDRAL 47533 47536 47538 47540 $FC  0.0
IMPROPER 47608 47615 47613 47617 $FC  120.0
IMPROPER 47625 47636 47628 47630 $FC -120.0
DIHEDRAL 47660 47663 47665 47667 $FC  0.0
IMPROPER 47750 47761 47753 47755 $FC -120.0
DIHEDRAL 47785 47788 47790 47792 $FC  0.0
IMPROPER 47875 47886 47878 47880 $FC -120.0
DIHEDRAL 47910 47913 47915 47917 $FC  0.0
IMPROPER 47985 47992 47990 47994 $FC  120.0
IMPROPER 48002 48013 48005 48007 $FC -120.0
DIHEDRAL 48037 48040 48042 48044 $FC  0.0
IMPROPER 48112 48119 48117 48121 $FC  120.0
IMPROPER 48129 48140 48132 48134 $FC -120.0
DIHEDRAL 48164 48167 48169 48171 $FC  0.0
IMPROPER 48239 48246 48244 48248 $FC  120.0
IMPROPER 48256 48267 48259 48261 $FC -120.0
DIHEDRAL 48291 48294 48296 48298 $FC  0.0
IMPROPER 48381 48392 48384 48386 $FC -120.0
DIHEDRAL 48416 48419 48421 48423 $FC  0.0
IMPROPER 48491 48498 48496 48500 $FC  120.0
IMPROPER 48508 48519 48511 48513 $FC -120.0
DIHEDRAL 48543 48546 48548 48550 $FC  0.0
IMPROPER 48618 48625 48623 48627 $FC  120.0
IMPROPER 48635 48646 48638 48640 $FC -120.0
DIHEDRAL 48670 48673 48675 48677 $FC  0.0
IMPROPER 48745 48752 48750 48754 $FC  120.0
IMPROPER 48762 48773 48765 48767 $FC -120.0
DIHEDRAL 48797 48800 48802 48804 $FC  0.0
IMPROPER 48872 48879 48877 48881 $FC  120.0
IMPROPER 48889 48900 48892 48894 $FC -120.0
DIHEDRAL 48924 48927 48929 48931 $FC  0.0
IMPROPER 49014 49025 49017 49019 $FC -120.0
DIHEDRAL 49049 49052 49054 49056 $FC  0.0
IMPROPER 49124 49131 49129 49133 $FC  120.0
IMPROPER 49141 49152 49144 49146 $FC -120.0
DIHEDRAL 49176 49179 49181 49183 $FC  0.0
IMPROPER 49251 49258 49256 49260 $FC  120.0
IMPROPER 49268 49279 49271 49273 $FC -120.0
DIHEDRAL 49303 49306 49308 49310 $FC  0.0
IMPROPER 49393 49404 49396 49398 $FC -120.0
DIHEDRAL 49428 49431 49433 49435 $FC  0.0
IMPROPER 49503 49510 49508 49512 $FC  120.0
IMPROPER 49520 49531 49523 49525 $FC -120.0
DIHEDRAL 49555 49558 49560 49562 $FC  0.0
IMPROPER 49630 49637 49635 49639 $FC  120.0
IMPROPER 49647 49658 49650 49652 $FC -120.0
DIHEDRAL 49682 49685 49687 49689 $FC  0.0
IMPROPER 49757 49764 49762 49766 $FC  120.0
IMPROPER 49774 49785 49777 49779 $FC -120.0
DIHEDRAL 49809 49812 49814 49816 $FC  0.0
IMPROPER 49884 49891 49889 49893 $FC  120.0
IMPROPER 49901 49912 49904 49906 $FC -120.0
DIHEDRAL 49936 49939 49941 49943 $FC  0.0
IMPROPER 50026 50037 50029 50031 $FC -120.0
DIHEDRAL 50061 50064 50066 50068 $FC  0.0
IMPROPER 50136 50143 50141 50145 $FC  120.0
IMPROPER 50153 50164 50156 50158 $FC -120.0
DIHEDRAL 50188 50191 50193 50195 $FC  0.0
IMPROPER 50263 50270 50268 50272 $FC  120.0
IMPROPER 50280 50291 50283 50285 $FC -120.0
DIHEDRAL 50315 50318 50320 50322 $FC  0.0
IMPROPER 50405 50416 50408 50410 $FC -120.0
DIHEDRAL 50440 50443 50445 50447 $FC  0.0
IMPROPER 50515 50522 50520 50524 $FC  120.0
IMPROPER 50532 50543 50535 50537 $FC -120.0
DIHEDRAL 50567 50570 50572 50574 $FC  0.0
IMPROPER 50642 50649 50647 50651 $FC  120.0
IMPROPER 50659 50670 50662 50664 $FC -120.0
DIHEDRAL 50694 50697 50699 50701 $FC  0.0
IMPROPER 50784 50795 50787 50789 $FC -120.0
DIHEDRAL 50819 50822 50824 50826 $FC  0.0
IMPROPER 50894 50901 50899 50903 $FC  120.0
IMPROPER 50911 50922 50914 50916 $FC -120.0
DIHEDRAL 50946 50949 50951 50953 $FC  0.0
IMPROPER 51036 51047 51039 51041 $FC -120.0
DIHEDRAL 51071 51074 51076 51078 $FC  0.0
IMPROPER 51146 51153 51151 51155 $FC  120.0
IMPROPER 51163 51174 51166 51168 $FC -120.0
DIHEDRAL 51198 51201 51203 51205 $FC  0.0
IMPROPER 51273 51280 51278 51282 $FC  120.0
IMPROPER 51290 51301 51293 51295 $FC -120.0
DIHEDRAL 51325 51328 51330 51332 $FC  0.0
IMPROPER 51400 51407 51405 51409 $FC  120.0
IMPROPER 51417 51428 51420 51422 $FC -120.0
DIHEDRAL 51452 51455 51457 51459 $FC  0.0
IMPROPER 51527 51534 51532 51536 $FC  120.0
IMPROPER 51544 51555 51547 51549 $FC -120.0
DIHEDRAL 51579 51582 51584 51586 $FC  0.0
IMPROPER 51654 51661 51659 51663 $FC  120.0
IMPROPER 51671 51682 51674 51676 $FC -120.0
DIHEDRAL 51706 51709 51711 51713 $FC  0.0
IMPROPER 51781 51788 51786 51790 $FC  120.0
IMPROPER 51798 51809 51801 51803 $FC -120.0
DIHEDRAL 51833 51836 51838 51840 $FC  0.0
IMPROPER 51908 51915 51913 51917 $FC  120.0
IMPROPER 51925 51936 51928 51930 $FC -120.0
DIHEDRAL 51960 51963 51965 51967 $FC  0.0
IMPROPER 52035 52042 52040 52044 $FC  120.0
IMPROPER 52052 52063 52055 52057 $FC -120.0
DIHEDRAL 52087 52090 52092 52094 $FC  0.0
IMPROPER 52162 52169 52167 52171 $FC  120.0
IMPROPER 52179 52190 52182 52184 $FC -120.0
DIHEDRAL 52214 52217 52219 52221 $FC  0.0
IMPROPER 52304 52315 52307 52309 $FC -120.0
DIHEDRAL 52339 52342 52344 52346 $FC  0.0
IMPROPER 52414 52421 52419 52423 $FC  120.0
IMPROPER 52431 52442 52434 52436 $FC -120.0
DIHEDRAL 52466 52469 52471 52473 $FC  0.0
IMPROPER 52541 52548 52546 52550 $FC  120.0
IMPROPER 52558 52569 52561 52563 $FC -120.0
DIHEDRAL 52593 52596 52598 52600 $FC  0.0
IMPROPER 52683 52694 52686 52688 $FC -120.0
DIHEDRAL 52718 52721 52723 52725 $FC  0.0
IMPROPER 52793 52800 52798 52802 $FC  120.0
IMPROPER 52810 52821 52813 52815 $FC -120.0
DIHEDRAL 52845 52848 52850 52852 $FC  0.0
IMPROPER 52920 52927 52925 52929 $FC  120.0
IMPROPER 52937 52948 52940 52942 $FC -120.0
DIHEDRAL 52972 52975 52977 52979 $FC  0.0
IMPROPER 53047 53054 53052 53056 $FC  120.0
IMPROPER 53064 53075 53067 53069 $FC -120.0
DIHEDRAL 53099 53102 53104 53106 $FC  0.0
IMPROPER 53174 53181 53179 53183 $FC  120.0
IMPROPER 53191 53202 53194 53196 $FC -120.0
DIHEDRAL 53226 53229 53231 53233 $FC  0.0
IMPROPER 53301 53308 53306 53310 $FC  120.0
IMPROPER 53318 53329 53321 53323 $FC -120.0
DIHEDRAL 53353 53356 53358 53360 $FC  0.0
IMPROPER 53428 53435 53433 53437 $FC  120.0
IMPROPER 53445 53456 53448 53450 $FC -120.0
DIHEDRAL 53480 53483 53485 53487 $FC  0.0
IMPROPER 53555 53562 53560 53564 $FC  120.0
IMPROPER 53572 53583 53575 53577 $FC -120.0
DIHEDRAL 53607 53610 53612 53614 $FC  0.0
IMPROPER 53682 53689 53687 53691 $FC  120.0
IMPROPER 53699 53710 53702 53704 $FC -120.0
DIHEDRAL 53734 53737 53739 53741 $FC  0.0
IMPROPER 53824 53835 53827 53829 $FC -120.0
DIHEDRAL 53859 53862 53864 53866 $FC  0.0
IMPROPER 53934 53941 53939 53943 $FC  120.0
IMPROPER 53951 53962 53954 53956 $FC -120.0
DIHEDRAL 53986 53989 53991 53993 $FC  0.0
IMPROPER 54061 54068 54066 54070 $FC  120.0
IMPROPER 54078 54089 54081 54083 $FC -120.0
DIHEDRAL 54113 54116 54118 54120 $FC  0.0
IMPROPER 54203 54214 54206 54208 $FC -120.0
DIHEDRAL 54238 54241 54243 54245 $FC  0.0
IMPROPER 54313 54320 54318 54322 $FC  120.0
IMPROPER 54330 54341 54333 54335 $FC -120.0
DIHEDRAL 54365 54368 54370 54372 $FC  0.0
IMPROPER 54440 54447 54445 54449 $FC  120.0
IMPROPER 54457 54468 54460 54462 $FC -120.0
DIHEDRAL 54492 54495 54497 54499 $FC  0.0
IMPROPER 54567 54574 54572 54576 $FC  120.0
IMPROPER 54584 54595 54587 54589 $FC -120.0
DIHEDRAL 54619 54622 54624 54626 $FC  0.0
IMPROPER 54709 54720 54712 54714 $FC -120.0
DIHEDRAL 54744 54747 54749 54751 $FC  0.0
IMPROPER 54819 54826 54824 54828 $FC  120.0
IMPROPER 54836 54847 54839 54841 $FC -120.0
DIHEDRAL 54871 54874 54876 54878 $FC  0.0
IMPROPER 54946 54953 54951 54955 $FC  120.0
IMPROPER 54963 54974 54966 54968 $FC -120.0
DIHEDRAL 54998 55001 55003 55005 $FC  0.0
IMPROPER 55073 55080 55078 55082 $FC  120.0
IMPROPER 55090 55101 55093 55095 $FC -120.0
DIHEDRAL 55125 55128 55130 55132 $FC  0.0
IMPROPER 55200 55207 55205 55209 $FC  120.0
IMPROPER 55217 55228 55220 55222 $FC -120.0
DIHEDRAL 55252 55255 55257 55259 $FC  0.0
IMPROPER 55327 55334 55332 55336 $FC  120.0
IMPROPER 55344 55355 55347 55349 $FC -120.0
DIHEDRAL 55379 55382 55384 55386 $FC  0.0
IMPROPER 55454 55461 55459 55463 $FC  120.0
IMPROPER 55471 55482 55474 55476 $FC -120.0
DIHEDRAL 55506 55509 55511 55513 $FC  0.0
IMPROPER 55581 55588 55586 55590 $FC  120.0
IMPROPER 55598 55609 55601 55603 $FC -120.0
DIHEDRAL 55633 55636 55638 55640 $FC  0.0
IMPROPER 55723 55734 55726 55728 $FC -120.0
DIHEDRAL 55758 55761 55763 55765 $FC  0.0
IMPROPER 55833 55840 55838 55842 $FC  120.0
IMPROPER 55850 55861 55853 55855 $FC -120.0
DIHEDRAL 55885 55888 55890 55892 $FC  0.0
IMPROPER 55975 55986 55978 55980 $FC -120.0
DIHEDRAL 56010 56013 56015 56017 $FC  0.0
IMPROPER 56100 56111 56103 56105 $FC -120.0
DIHEDRAL 56135 56138 56140 56142 $FC  0.0
IMPROPER 56210 56217 56215 56219 $FC  120.0
IMPROPER 56227 56238 56230 56232 $FC -120.0
DIHEDRAL 56262 56265 56267 56269 $FC  0.0
IMPROPER 56337 56344 56342 56346 $FC  120.0
IMPROPER 56354 56365 56357 56359 $FC -120.0
DIHEDRAL 56389 56392 56394 56396 $FC  0.0
IMPROPER 56464 56471 56469 56473 $FC  120.0
IMPROPER 56481 56492 56484 56486 $FC -120.0
DIHEDRAL 56516 56519 56521 56523 $FC  0.0
IMPROPER 56591 56598 56596 56600 $FC  120.0
IMPROPER 56608 56619 56611 56613 $FC -120.0
DIHEDRAL 56643 56646 56648 56650 $FC  0.0
IMPROPER 56733 56744 56736 56738 $FC -120.0
DIHEDRAL 56768 56771 56773 56775 $FC  0.0
IMPROPER 56843 56850 56848 56852 $FC  120.0
IMPROPER 56860 56871 56863 56865 $FC -120.0
DIHEDRAL 56895 56898 56900 56902 $FC  0.0
IMPROPER 56985 56996 56988 56990 $FC -120.0
DIHEDRAL 57020 57023 57025 57027 $FC  0.0
IMPROPER 57095 57102 57100 57104 $FC  120.0
IMPROPER 57112 57123 57115 57117 $FC -120.0
DIHEDRAL 57147 57150 57152 57154 $FC  0.0
IMPROPER 57222 57229 57227 57231 $FC  120.0
IMPROPER 57239 57250 57242 57244 $FC -120.0
DIHEDRAL 57274 57277 57279 57281 $FC  0.0
IMPROPER 57349 57356 57354 57358 $FC  120.0
IMPROPER 57366 57377 57369 57371 $FC -120.0
DIHEDRAL 57401 57404 57406 57408 $FC  0.0
IMPROPER 57476 57483 57481 57485 $FC  120.0
IMPROPER 57493 57504 57496 57498 $FC -120.0
DIHEDRAL 57528 57531 57533 57535 $FC  0.0
IMPROPER 57603 57610 57608 57612 $FC  120.0
IMPROPER 57620 57631 57623 57625 $FC -120.0
DIHEDRAL 57655 57658 57660 57662 $FC  0.0
IMPROPER 57730 57737 57735 57739 $FC  120.0
IMPROPER 57747 57758 57750 57752 $FC -120.0
DIHEDRAL 57782 57785 57787 57789 $FC  0.0
IMPROPER 57857 57864 57862 57866 $FC  120.0
IMPROPER 57874 57885 57877 57879 $FC -120.0
DIHEDRAL 57909 57912 57914 57916 $FC  0.0
IMPROPER 57984 57991 57989 57993 $FC  120.0
IMPROPER 58001 58012 58004 58006 $FC -120.0
DIHEDRAL 58036 58039 58041 58043 $FC  0.0
IMPROPER 58111 58118 58116 58120 $FC  120.0
IMPROPER 58128 58139 58131 58133 $FC -120.0
DIHEDRAL 58163 58166 58168 58170 $FC  0.0
IMPROPER 58238 58245 58243 58247 $FC  120.0
IMPROPER 58255 58266 58258 58260 $FC -120.0
DIHEDRAL 58290 58293 58295 58297 $FC  0.0
IMPROPER 58365 58372 58370 58374 $FC  120.0
IMPROPER 58382 58393 58385 58387 $FC -120.0
DIHEDRAL 58417 58420 58422 58424 $FC  0.0
IMPROPER 58492 58499 58497 58501 $FC  120.0
IMPROPER 58509 58520 58512 58514 $FC -120.0
DIHEDRAL 58544 58547 58549 58551 $FC  0.0
IMPROPER 58619 58626 58624 58628 $FC  120.0
IMPROPER 58636 58647 58639 58641 $FC -120.0
DIHEDRAL 58671 58674 58676 58678 $FC  0.0
IMPROPER 58746 58753 58751 58755 $FC  120.0
IMPROPER 58763 58774 58766 58768 $FC -120.0
DIHEDRAL 58798 58801 58803 58805 $FC  0.0
IMPROPER 58873 58880 58878 58882 $FC  120.0
IMPROPER 58890 58901 58893 58895 $FC -120.0
DIHEDRAL 58925 58928 58930 58932 $FC  0.0
IMPROPER 59000 59007 59005 59009 $FC  120.0
IMPROPER 59017 59028 59020 59022 $FC -120.0
DIHEDRAL 59052 59055 59057 59059 $FC  0.0
IMPROPER 59142 59153 59145 59147 $FC -120.0
DIHEDRAL 59177 59180 59182 59184 $FC  0.0
IMPROPER 59252 59259 59257 59261 $FC  120.0
IMPROPER 59269 59280 59272 59274 $FC -120.0
DIHEDRAL 59304 59307 59309 59311 $FC  0.0
IMPROPER 59379 59386 59384 59388 $FC  120.0
IMPROPER 59396 59407 59399 59401 $FC -120.0
DIHEDRAL 59431 59434 59436 59438 $FC  0.0
IMPROPER 59521 59532 59524 59526 $FC -120.0
DIHEDRAL 59556 59559 59561 59563 $FC  0.0
IMPROPER 59631 59638 59636 59640 $FC  120.0
IMPROPER 59648 59659 59651 59653 $FC -120.0
DIHEDRAL 59683 59686 59688 59690 $FC  0.0
IMPROPER 59758 59765 59763 59767 $FC  120.0
IMPROPER 59775 59786 59778 59780 $FC -120.0
DIHEDRAL 59810 59813 59815 59817 $FC  0.0
IMPROPER 59885 59892 59890 59894 $FC  120.0
IMPROPER 59902 59913 59905 59907 $FC -120.0
DIHEDRAL 59937 59940 59942 59944 $FC  0.0
IMPROPER 60012 60019 60017 60021 $FC  120.0
IMPROPER 60029 60040 60032 60034 $FC -120.0
DIHEDRAL 60064 60067 60069 60071 $FC  0.0
IMPROPER 60154 60165 60157 60159 $FC -120.0
DIHEDRAL 60189 60192 60194 60196 $FC  0.0
IMPROPER 60264 60271 60269 60273 $FC  120.0
IMPROPER 60281 60292 60284 60286 $FC -120.0
DIHEDRAL 60316 60319 60321 60323 $FC  0.0
IMPROPER 60391 60398 60396 60400 $FC  120.0
IMPROPER 60408 60419 60411 60413 $FC -120.0
DIHEDRAL 60443 60446 60448 60450 $FC  0.0
IMPROPER 60518 60525 60523 60527 $FC  120.0
IMPROPER 60535 60546 60538 60540 $FC -120.0
DIHEDRAL 60570 60573 60575 60577 $FC  0.0
IMPROPER 60645 60652 60650 60654 $FC  120.0
IMPROPER 60662 60673 60665 60667 $FC -120.0
DIHEDRAL 60697 60700 60702 60704 $FC  0.0
IMPROPER 60787 60798 60790 60792 $FC -120.0
DIHEDRAL 60822 60825 60827 60829 $FC  0.0
