IMPROPER 7866 7873 7871 7875 $FC  120.0
IMPROPER 7883 7894 7886 7888 $FC -120.0
DIHEDRAL 7918 7921 7923 7925 $FC  0.0
IMPROPER 7993 8000 7998 8002 $FC  120.0
IMPROPER 8010 8021 8013 8015 $FC -120.0
DIHEDRAL 8045 8048 8050 8052 $FC  0.0
IMPROPER 8120 8127 8125 8129 $FC  120.0
IMPROPER 8137 8148 8140 8142 $FC -120.0
DIHEDRAL 8172 8175 8177 8179 $FC  0.0
IMPROPER 8247 8254 8252 8256 $FC  120.0
IMPROPER 8264 8275 8267 8269 $FC -120.0
DIHEDRAL 8299 8302 8304 8306 $FC  0.0
IMPROPER 8374 8381 8379 8383 $FC  120.0
IMPROPER 8391 8402 8394 8396 $FC -120.0
DIHEDRAL 8426 8429 8431 8433 $FC  0.0
IMPROPER 8501 8508 8506 8510 $FC  120.0
IMPROPER 8518 8529 8521 8523 $FC -120.0
DIHEDRAL 8553 8556 8558 8560 $FC  0.0
IMPROPER 8628 8635 8633 8637 $FC  120.0
IMPROPER 8645 8656 8648 8650 $FC -120.0
DIHEDRAL 8680 8683 8685 8687 $FC  0.0
IMPROPER 8755 8762 8760 8764 $FC  120.0
IMPROPER 8772 8783 8775 8777 $FC -120.0
DIHEDRAL 8807 8810 8812 8814 $FC  0.0
IMPROPER 8882 8889 8887 8891 $FC  120.0
IMPROPER 8899 8910 8902 8904 $FC -120.0
DIHEDRAL 8934 8937 8939 8941 $FC  0.0
IMPROPER 9009 9016 9014 9018 $FC  120.0
IMPROPER 9026 9037 9029 9031 $FC -120.0
DIHEDRAL 9061 9064 9066 9068 $FC  0.0
IMPROPER 9136 9143 9141 9145 $FC  120.0
IMPROPER 9153 9164 9156 9158 $FC -120.0
DIHEDRAL 9188 9191 9193 9195 $FC  0.0
IMPROPER 9263 9270 9268 9272 $FC  120.0
IMPROPER 9280 9291 9283 9285 $FC -120.0
DIHEDRAL 9315 9318 9320 9322 $FC  0.0
IMPROPER 9390 9397 9395 9399 $FC  120.0
IMPROPER 9407 9418 9410 9412 $FC -120.0
DIHEDRAL 9442 9445 9447 9449 $FC  0.0
IMPROPER 9517 9524 9522 9526 $FC  120.0
IMPROPER 9534 9545 9537 9539 $FC -120.0
DIHEDRAL 9569 9572 9574 9576 $FC  0.0
IMPROPER 9644 9651 9649 9653 $FC  120.0
IMPROPER 9661 9672 9664 9666 $FC -120.0
DIHEDRAL 9696 9699 9701 9703 $FC  0.0
IMPROPER 9771 9778 9776 9780 $FC  120.0
IMPROPER 9788 9799 9791 9793 $FC -120.0
DIHEDRAL 9823 9826 9828 9830 $FC  0.0
IMPROPER 9898 9905 9903 9907 $FC  120.0
IMPROPER 9915 9926 9918 9920 $FC -120.0
DIHEDRAL 9950 9953 9955 9957 $FC  0.0
IMPROPER 10025 10032 10030 10034 $FC  120.0
IMPROPER 10042 10053 10045 10047 $FC -120.0
DIHEDRAL 10077 10080 10082 10084 $FC  0.0
IMPROPER 10152 10159 10157 10161 $FC  120.0
IMPROPER 10169 10180 10172 10174 $FC -120.0
DIHEDRAL 10204 10207 10209 10211 $FC  0.0
IMPROPER 10294 10305 10297 10299 $FC -120.0
DIHEDRAL 10329 10332 10334 10336 $FC  0.0
IMPROPER 10419 10430 10422 10424 $FC -120.0
DIHEDRAL 10454 10457 10459 10461 $FC  0.0
IMPROPER 10529 10536 10534 10538 $FC  120.0
IMPROPER 10546 10557 10549 10551 $FC -120.0
DIHEDRAL 10581 10584 10586 10588 $FC  0.0
IMPROPER 10656 10663 10661 10665 $FC  120.0
IMPROPER 10673 10684 10676 10678 $FC -120.0
DIHEDRAL 10708 10711 10713 10715 $FC  0.0
IMPROPER 10783 10790 10788 10792 $FC  120.0
IMPROPER 10800 10811 10803 10805 $FC -120.0
DIHEDRAL 10835 10838 10840 10842 $FC  0.0
IMPROPER 10910 10917 10915 10919 $FC  120.0
IMPROPER 10927 10938 10930 10932 $FC -120.0
DIHEDRAL 10962 10965 10967 10969 $FC  0.0
IMPROPER 11037 11044 11042 11046 $FC  120.0
IMPROPER 11054 11065 11057 11059 $FC -120.0
DIHEDRAL 11089 11092 11094 11096 $FC  0.0
IMPROPER 11164 11171 11169 11173 $FC  120.0
IMPROPER 11181 11192 11184 11186 $FC -120.0
DIHEDRAL 11216 11219 11221 11223 $FC  0.0
IMPROPER 11291 11298 11296 11300 $FC  120.0
IMPROPER 11308 11319 11311 11313 $FC -120.0
DIHEDRAL 11343 11346 11348 11350 $FC  0.0
IMPROPER 11418 11425 11423 11427 $FC  120.0
IMPROPER 11435 11446 11438 11440 $FC -120.0
DIHEDRAL 11470 11473 11475 11477 $FC  0.0
IMPROPER 11545 11552 11550 11554 $FC  120.0
IMPROPER 11562 11573 11565 11567 $FC -120.0
DIHEDRAL 11597 11600 11602 11604 $FC  0.0
IMPROPER 11672 11679 11677 11681 $FC  120.0
IMPROPER 11689 11700 11692 11694 $FC -120.0
DIHEDRAL 11724 11727 11729 11731 $FC  0.0
IMPROPER 11814 11825 11817 11819 $FC -120.0
DIHEDRAL 11849 11852 11854 11856 $FC  0.0
IMPROPER 11924 11931 11929 11933 $FC  120.0
IMPROPER 11941 11952 11944 11946 $FC -120.0
DIHEDRAL 11976 11979 11981 11983 $FC  0.0
IMPROPER 12051 12058 12056 12060 $FC  120.0
IMPROPER 12068 12079 12071 12073 $FC -120.0
DIHEDRAL 12103 12106 12108 12110 $FC  0.0
IMPROPER 12178 12185 12183 12187 $FC  120.0
IMPROPER 12195 12206 12198 12200 $FC -120.0
DIHEDRAL 12230 12233 12235 12237 $FC  0.0
IMPROPER 12305 12312 12310 12314 $FC  120.0
IMPROPER 12322 12333 12325 12327 $FC -120.0
DIHEDRAL 12357 12360 12362 12364 $FC  0.0
IMPROPER 12432 12439 12437 12441 $FC  120.0
IMPROPER 12449 12460 12452 12454 $FC -120.0
DIHEDRAL 12484 12487 12489 12491 $FC  0.0
IMPROPER 12559 12566 12564 12568 $FC  120.0
IMPROPER 12576 12587 12579 12581 $FC -120.0
DIHEDRAL 12611 12614 12616 12618 $FC  0.0
IMPROPER 12701 12712 12704 12706 $FC -120.0
DIHEDRAL 12736 12739 12741 12743 $FC  0.0
IMPROPER 12811 12818 12816 12820 $FC  120.0
IMPROPER 12828 12839 12831 12833 $FC -120.0
DIHEDRAL 12863 12866 12868 12870 $FC  0.0
IMPROPER 12938 12945 12943 12947 $FC  120.0
IMPROPER 12955 12966 12958 12960 $FC -120.0
DIHEDRAL 12990 12993 12995 12997 $FC  0.0
IMPROPER 13065 13072 13070 13074 $FC  120.0
IMPROPER 13082 13093 13085 13087 $FC -120.0
DIHEDRAL 13117 13120 13122 13124 $FC  0.0
IMPROPER 13192 13199 13197 13201 $FC  120.0
IMPROPER 13209 13220 13212 13214 $FC -120.0
DIHEDRAL 13244 13247 13249 13251 $FC  0.0
IMPROPER 13319 13326 13324 13328 $FC  120.0
IMPROPER 13336 13347 13339 13341 $FC -120.0
DIHEDRAL 13371 13374 13376 13378 $FC  0.0
IMPROPER 13446 13453 13451 13455 $FC  120.0
IMPROPER 13463 13474 13466 13468 $FC -120.0
DIHEDRAL 13498 13501 13503 13505 $FC  0.0
IMPROPER 13588 13599 13591 13593 $FC -120.0
DIHEDRAL 13623 13626 13628 13630 $FC  0.0
IMPROPER 13698 13705 13703 13707 $FC  120.0
IMPROPER 13715 13726 13718 13720 $FC -120.0
DIHEDRAL 13750 13753 13755 13757 $FC  0.0
IMPROPER 13825 13832 13830 13834 $FC  120.0
IMPROPER 13842 13853 13845 13847 $FC -120.0
DIHEDRAL 13877 13880 13882 13884 $FC  0.0
IMPROPER 13952 13959 13957 13961 $FC  120.0
IMPROPER 13969 13980 13972 13974 $FC -120.0
DIHEDRAL 14004 14007 14009 14011 $FC  0.0
IMPROPER 14079 14086 14084 14088 $FC  120.0
IMPROPER 14096 14107 14099 14101 $FC -120.0
DIHEDRAL 14131 14134 14136 14138 $FC  0.0
IMPROPER 14206 14213 14211 14215 $FC  120.0
IMPROPER 14223 14234 14226 14228 $FC -120.0
DIHEDRAL 14258 14261 14263 14265 $FC  0.0
IMPROPER 14348 14359 14351 14353 $FC -120.0
DIHEDRAL 14383 14386 14388 14390 $FC  0.0
IMPROPER 14473 14484 14476 14478 $FC -120.0
DIHEDRAL 14508 14511 14513 14515 $FC  0.0
IMPROPER 14598 14609 14601 14603 $FC -120.0
DIHEDRAL 14633 14636 14638 14640 $FC  0.0
IMPROPER 14708 14715 14713 14717 $FC  120.0
IMPROPER 14725 14736 14728 14730 $FC -120.0
DIHEDRAL 14760 14763 14765 14767 $FC  0.0
IMPROPER 14835 14842 14840 14844 $FC  120.0
IMPROPER 14852 14863 14855 14857 $FC -120.0
DIHEDRAL 14887 14890 14892 14894 $FC  0.0
IMPROPER 14962 14969 14967 14971 $FC  120.0
IMPROPER 14979 14990 14982 14984 $FC -120.0
DIHEDRAL 15014 15017 15019 15021 $FC  0.0
IMPROPER 15089 15096 15094 15098 $FC  120.0
IMPROPER 15106 15117 15109 15111 $FC -120.0
DIHEDRAL 15141 15144 15146 15148 $FC  0.0
IMPROPER 15216 15223 15221 15225 $FC  120.0
IMPROPER 15233 15244 15236 15238 $FC -120.0
DIHEDRAL 15268 15271 15273 15275 $FC  0.0
IMPROPER 15343 15350 15348 15352 $FC  120.0
IMPROPER 15360 15371 15363 15365 $FC -120.0
DIHEDRAL 15395 15398 15400 15402 $FC  0.0
IMPROPER 15485 15496 15488 15490 $FC -120.0
DIHEDRAL 15520 15523 15525 15527 $FC  0.0
IMPROPER 15610 15621 15613 15615 $FC -120.0
DIHEDRAL 15645 15648 15650 15652 $FC  0.0
IMPROPER 15720 15727 15725 15729 $FC  120.0
IMPROPER 15737 15748 15740 15742 $FC -120.0
DIHEDRAL 15772 15775 15777 15779 $FC  0.0
IMPROPER 15847 15854 15852 15856 $FC  120.0
IMPROPER 15864 15875 15867 15869 $FC -120.0
DIHEDRAL 15899 15902 15904 15906 $FC  0.0
IMPROPER 15989 16000 15992 15994 $FC -120.0
DIHEDRAL 16024 16027 16029 16031 $FC  0.0
IMPROPER 16099 16106 16104 16108 $FC  120.0
IMPROPER 16116 16127 16119 16121 $FC -120.0
DIHEDRAL 16151 16154 16156 16158 $FC  0.0
IMPROPER 16241 16252 16244 16246 $FC -120.0
DIHEDRAL 16276 16279 16281 16283 $FC  0.0
IMPROPER 16366 16377 16369 16371 $FC -120.0
DIHEDRAL 16401 16404 16406 16408 $FC  0.0
IMPROPER 16476 16483 16481 16485 $FC  120.0
IMPROPER 16493 16504 16496 16498 $FC -120.0
DIHEDRAL 16528 16531 16533 16535 $FC  0.0
IMPROPER 16618 16629 16621 16623 $FC -120.0
DIHEDRAL 16653 16656 16658 16660 $FC  0.0
IMPROPER 16728 16735 16733 16737 $FC  120.0
IMPROPER 16745 16756 16748 16750 $FC -120.0
DIHEDRAL 16780 16783 16785 16787 $FC  0.0
IMPROPER 16855 16862 16860 16864 $FC  120.0
IMPROPER 16872 16883 16875 16877 $FC -120.0
DIHEDRAL 16907 16910 16912 16914 $FC  0.0
IMPROPER 16997 17008 17000 17002 $FC -120.0
DIHEDRAL 17032 17035 17037 17039 $FC  0.0
IMPROPER 17107 17114 17112 17116 $FC  120.0
IMPROPER 17124 17135 17127 17129 $FC -120.0
DIHEDRAL 17159 17162 17164 17166 $FC  0.0
IMPROPER 17234 17241 17239 17243 $FC  120.0
IMPROPER 17251 17262 17254 17256 $FC -120.0
DIHEDRAL 17286 17289 17291 17293 $FC  0.0
IMPROPER 17361 17368 17366 17370 $FC  120.0
IMPROPER 17378 17389 17381 17383 $FC -120.0
DIHEDRAL 17413 17416 17418 17420 $FC  0.0
IMPROPER 17488 17495 17493 17497 $FC  120.0
IMPROPER 17505 17516 17508 17510 $FC -120.0
DIHEDRAL 17540 17543 17545 17547 $FC  0.0
IMPROPER 17615 17622 17620 17624 $FC  120.0
IMPROPER 17632 17643 17635 17637 $FC -120.0
DIHEDRAL 17667 17670 17672 17674 $FC  0.0
IMPROPER 17757 17768 17760 17762 $FC -120.0
DIHEDRAL 17792 17795 17797 17799 $FC  0.0
IMPROPER 17867 17874 17872 17876 $FC  120.0
IMPROPER 17884 17895 17887 17889 $FC -120.0
DIHEDRAL 17919 17922 17924 17926 $FC  0.0
IMPROPER 17994 18001 17999 18003 $FC  120.0
IMPROPER 18011 18022 18014 18016 $FC -120.0
DIHEDRAL 18046 18049 18051 18053 $FC  0.0
IMPROPER 18136 18147 18139 18141 $FC -120.0
DIHEDRAL 18171 18174 18176 18178 $FC  0.0
IMPROPER 18246 18253 18251 18255 $FC  120.0
IMPROPER 18263 18274 18266 18268 $FC -120.0
DIHEDRAL 18298 18301 18303 18305 $FC  0.0
IMPROPER 18373 18380 18378 18382 $FC  120.0
IMPROPER 18390 18401 18393 18395 $FC -120.0
DIHEDRAL 18425 18428 18430 18432 $FC  0.0
IMPROPER 18500 18507 18505 18509 $FC  120.0
IMPROPER 18517 18528 18520 18522 $FC -120.0
DIHEDRAL 18552 18555 18557 18559 $FC  0.0
IMPROPER 18627 18634 18632 18636 $FC  120.0
IMPROPER 18644 18655 18647 18649 $FC -120.0
DIHEDRAL 18679 18682 18684 18686 $FC  0.0
IMPROPER 18754 18761 18759 18763 $FC  120.0
IMPROPER 18771 18782 18774 18776 $FC -120.0
DIHEDRAL 18806 18809 18811 18813 $FC  0.0
IMPROPER 18881 18888 18886 18890 $FC  120.0
IMPROPER 18898 18909 18901 18903 $FC -120.0
DIHEDRAL 18933 18936 18938 18940 $FC  0.0
IMPROPER 19008 19015 19013 19017 $FC  120.0
IMPROPER 19025 19036 19028 19030 $FC -120.0
DIHEDRAL 19060 19063 19065 19067 $FC  0.0
IMPROPER 19135 19142 19140 19144 $FC  120.0
IMPROPER 19152 19163 19155 19157 $FC -120.0
DIHEDRAL 19187 19190 19192 19194 $FC  0.0
IMPROPER 19262 19269 19267 19271 $FC  120.0
IMPROPER 19279 19290 19282 19284 $FC -120.0
DIHEDRAL 19314 19317 19319 19321 $FC  0.0
IMPROPER 19404 19415 19407 19409 $FC -120.0
DIHEDRAL 19439 19442 19444 19446 $FC  0.0
IMPROPER 19514 19521 19519 19523 $FC  120.0
IMPROPER 19531 19542 19534 19536 $FC -120.0
DIHEDRAL 19566 19569 19571 19573 $FC  0.0
IMPROPER 19641 19648 19646 19650 $FC  120.0
IMPROPER 19658 19669 19661 19663 $FC -120.0
DIHEDRAL 19693 19696 19698 19700 $FC  0.0
IMPROPER 19768 19775 19773 19777 $FC  120.0
IMPROPER 19785 19796 19788 19790 $FC -120.0
DIHEDRAL 19820 19823 19825 19827 $FC  0.0
IMPROPER 19895 19902 19900 19904 $FC  120.0
IMPROPER 19912 19923 19915 19917 $FC -120.0
DIHEDRAL 19947 19950 19952 19954 $FC  0.0
IMPROPER 20022 20029 20027 20031 $FC  120.0
IMPROPER 20039 20050 20042 20044 $FC -120.0
DIHEDRAL 20074 20077 20079 20081 $FC  0.0
IMPROPER 20149 20156 20154 20158 $FC  120.0
IMPROPER 20166 20177 20169 20171 $FC -120.0
DIHEDRAL 20201 20204 20206 20208 $FC  0.0
IMPROPER 20276 20283 20281 20285 $FC  120.0
IMPROPER 20293 20304 20296 20298 $FC -120.0
DIHEDRAL 20328 20331 20333 20335 $FC  0.0
IMPROPER 20403 20410 20408 20412 $FC  120.0
IMPROPER 20420 20431 20423 20425 $FC -120.0
DIHEDRAL 20455 20458 20460 20462 $FC  0.0
IMPROPER 20530 20537 20535 20539 $FC  120.0
IMPROPER 20547 20558 20550 20552 $FC -120.0
DIHEDRAL 20582 20585 20587 20589 $FC  0.0
IMPROPER 20657 20664 20662 20666 $FC  120.0
IMPROPER 20674 20685 20677 20679 $FC -120.0
DIHEDRAL 20709 20712 20714 20716 $FC  0.0
IMPROPER 20784 20791 20789 20793 $FC  120.0
IMPROPER 20801 20812 20804 20806 $FC -120.0
DIHEDRAL 20836 20839 20841 20843 $FC  0.0
IMPROPER 20926 20937 20929 20931 $FC -120.0
DIHEDRAL 20961 20964 20966 20968 $FC  0.0
IMPROPER 21036 21043 21041 21045 $FC  120.0
IMPROPER 21053 21064 21056 21058 $FC -120.0
DIHEDRAL 21088 21091 21093 21095 $FC  0.0
IMPROPER 21163 21170 21168 21172 $FC  120.0
IMPROPER 21180 21191 21183 21185 $FC -120.0
DIHEDRAL 21215 21218 21220 21222 $FC  0.0
IMPROPER 21290 21297 21295 21299 $FC  120.0
IMPROPER 21307 21318 21310 21312 $FC -120.0
DIHEDRAL 21342 21345 21347 21349 $FC  0.0
IMPROPER 21417 21424 21422 21426 $FC  120.0
IMPROPER 21434 21445 21437 21439 $FC -120.0
DIHEDRAL 21469 21472 21474 21476 $FC  0.0
IMPROPER 21544 21551 21549 21553 $FC  120.0
IMPROPER 21561 21572 21564 21566 $FC -120.0
DIHEDRAL 21596 21599 21601 21603 $FC  0.0
IMPROPER 21671 21678 21676 21680 $FC  120.0
IMPROPER 21688 21699 21691 21693 $FC -120.0
DIHEDRAL 21723 21726 21728 21730 $FC  0.0
IMPROPER 21798 21805 21803 21807 $FC  120.0
IMPROPER 21815 21826 21818 21820 $FC -120.0
DIHEDRAL 21850 21853 21855 21857 $FC  0.0
IMPROPER 21925 21932 21930 21934 $FC  120.0
IMPROPER 21942 21953 21945 21947 $FC -120.0
DIHEDRAL 21977 21980 21982 21984 $FC  0.0
IMPROPER 22067 22078 22070 22072 $FC -120.0
DIHEDRAL 22102 22105 22107 22109 $FC  0.0
IMPROPER 22192 22203 22195 22197 $FC -120.0
DIHEDRAL 22227 22230 22232 22234 $FC  0.0
IMPROPER 22302 22309 22307 22311 $FC  120.0
IMPROPER 22319 22330 22322 22324 $FC -120.0
DIHEDRAL 22354 22357 22359 22361 $FC  0.0
IMPROPER 22429 22436 22434 22438 $FC  120.0
IMPROPER 22446 22457 22449 22451 $FC -120.0
DIHEDRAL 22481 22484 22486 22488 $FC  0.0
IMPROPER 22556 22563 22561 22565 $FC  120.0
IMPROPER 22573 22584 22576 22578 $FC -120.0
DIHEDRAL 22608 22611 22613 22615 $FC  0.0
IMPROPER 22683 22690 22688 22692 $FC  120.0
IMPROPER 22700 22711 22703 22705 $FC -120.0
DIHEDRAL 22735 22738 22740 22742 $FC  0.0
IMPROPER 22810 22817 22815 22819 $FC  120.0
IMPROPER 22827 22838 22830 22832 $FC -120.0
DIHEDRAL 22862 22865 22867 22869 $FC  0.0
IMPROPER 22937 22944 22942 22946 $FC  120.0
IMPROPER 22954 22965 22957 22959 $FC -120.0
DIHEDRAL 22989 22992 22994 22996 $FC  0.0
IMPROPER 23064 23071 23069 23073 $FC  120.0
IMPROPER 23081 23092 23084 23086 $FC -120.0
DIHEDRAL 23116 23119 23121 23123 $FC  0.0
IMPROPER 23191 23198 23196 23200 $FC  120.0
IMPROPER 23208 23219 23211 23213 $FC -120.0
DIHEDRAL 23243 23246 23248 23250 $FC  0.0
IMPROPER 23318 23325 23323 23327 $FC  120.0
IMPROPER 23335 23346 23338 23340 $FC -120.0
DIHEDRAL 23370 23373 23375 23377 $FC  0.0
IMPROPER 23445 23452 23450 23454 $FC  120.0
IMPROPER 23462 23473 23465 23467 $FC -120.0
DIHEDRAL 23497 23500 23502 23504 $FC  0.0
IMPROPER 23572 23579 23577 23581 $FC  120.0
IMPROPER 23589 23600 23592 23594 $FC -120.0
DIHEDRAL 23624 23627 23629 23631 $FC  0.0
IMPROPER 23699 23706 23704 23708 $FC  120.0
IMPROPER 23716 23727 23719 23721 $FC -120.0
DIHEDRAL 23751 23754 23756 23758 $FC  0.0
IMPROPER 23826 23833 23831 23835 $FC  120.0
IMPROPER 23843 23854 23846 23848 $FC -120.0
DIHEDRAL 23878 23881 23883 23885 $FC  0.0
IMPROPER 23953 23960 23958 23962 $FC  120.0
IMPROPER 23970 23981 23973 23975 $FC -120.0
DIHEDRAL 24005 24008 24010 24012 $FC  0.0
IMPROPER 24095 24106 24098 24100 $FC -120.0
DIHEDRAL 24130 24133 24135 24137 $FC  0.0
IMPROPER 24220 24231 24223 24225 $FC -120.0
DIHEDRAL 24255 24258 24260 24262 $FC  0.0
IMPROPER 24330 24337 24335 24339 $FC  120.0
IMPROPER 24347 24358 24350 24352 $FC -120.0
DIHEDRAL 24382 24385 24387 24389 $FC  0.0
IMPROPER 24457 24464 24462 24466 $FC  120.0
IMPROPER 24474 24485 24477 24479 $FC -120.0
DIHEDRAL 24509 24512 24514 24516 $FC  0.0
IMPROPER 24584 24591 24589 24593 $FC  120.0
IMPROPER 24601 24612 24604 24606 $FC -120.0
DIHEDRAL 24636 24639 24641 24643 $FC  0.0
IMPROPER 24711 24718 24716 24720 $FC  120.0
IMPROPER 24728 24739 24731 24733 $FC -120.0
DIHEDRAL 24763 24766 24768 24770 $FC  0.0
IMPROPER 24838 24845 24843 24847 $FC  120.0
IMPROPER 24855 24866 24858 24860 $FC -120.0
DIHEDRAL 24890 24893 24895 24897 $FC  0.0
IMPROPER 24965 24972 24970 24974 $FC  120.0
IMPROPER 24982 24993 24985 24987 $FC -120.0
DIHEDRAL 25017 25020 25022 25024 $FC  0.0
IMPROPER 25092 25099 25097 25101 $FC  120.0
IMPROPER 25109 25120 25112 25114 $FC -120.0
DIHEDRAL 25144 25147 25149 25151 $FC  0.0
IMPROPER 25219 25226 25224 25228 $FC  120.0
IMPROPER 25236 25247 25239 25241 $FC -120.0
DIHEDRAL 25271 25274 25276 25278 $FC  0.0
IMPROPER 25361 25372 25364 25366 $FC -120.0
DIHEDRAL 25396 25399 25401 25403 $FC  0.0
IMPROPER 25471 25478 25476 25480 $FC  120.0
IMPROPER 25488 25499 25491 25493 $FC -120.0
DIHEDRAL 25523 25526 25528 25530 $FC  0.0
IMPROPER 25598 25605 25603 25607 $FC  120.0
IMPROPER 25615 25626 25618 25620 $FC -120.0
DIHEDRAL 25650 25653 25655 25657 $FC  0.0
IMPROPER 25725 25732 25730 25734 $FC  120.0
IMPROPER 25742 25753 25745 25747 $FC -120.0
DIHEDRAL 25777 25780 25782 25784 $FC  0.0
IMPROPER 25852 25859 25857 25861 $FC  120.0
IMPROPER 25869 25880 25872 25874 $FC -120.0
DIHEDRAL 25904 25907 25909 25911 $FC  0.0
IMPROPER 25979 25986 25984 25988 $FC  120.0
IMPROPER 25996 26007 25999 26001 $FC -120.0
DIHEDRAL 26031 26034 26036 26038 $FC  0.0
IMPROPER 26106 26113 26111 26115 $FC  120.0
IMPROPER 26123 26134 26126 26128 $FC -120.0
DIHEDRAL 26158 26161 26163 26165 $FC  0.0
IMPROPER 26233 26240 26238 26242 $FC  120.0
IMPROPER 26250 26261 26253 26255 $FC -120.0
DIHEDRAL 26285 26288 26290 26292 $FC  0.0
IMPROPER 26360 26367 26365 26369 $FC  120.0
IMPROPER 26377 26388 26380 26382 $FC -120.0
DIHEDRAL 26412 26415 26417 26419 $FC  0.0
IMPROPER 26502 26513 26505 26507 $FC -120.0
DIHEDRAL 26537 26540 26542 26544 $FC  0.0
IMPROPER 26612 26619 26617 26621 $FC  120.0
IMPROPER 26629 26640 26632 26634 $FC -120.0
DIHEDRAL 26664 26667 26669 26671 $FC  0.0
IMPROPER 26739 26746 26744 26748 $FC  120.0
IMPROPER 26756 26767 26759 26761 $FC -120.0
DIHEDRAL 26791 26794 26796 26798 $FC  0.0
IMPROPER 26866 26873 26871 26875 $FC  120.0
IMPROPER 26883 26894 26886 26888 $FC -120.0
DIHEDRAL 26918 26921 26923 26925 $FC  0.0
IMPROPER 26993 27000 26998 27002 $FC  120.0
IMPROPER 27010 27021 27013 27015 $FC -120.0
DIHEDRAL 27045 27048 27050 27052 $FC  0.0
IMPROPER 27120 27127 27125 27129 $FC  120.0
IMPROPER 27137 27148 27140 27142 $FC -120.0
DIHEDRAL 27172 27175 27177 27179 $FC  0.0
IMPROPER 27262 27273 27265 27267 $FC -120.0
DIHEDRAL 27297 27300 27302 27304 $FC  0.0
IMPROPER 27372 27379 27377 27381 $FC  120.0
IMPROPER 27389 27400 27392 27394 $FC -120.0
DIHEDRAL 27424 27427 27429 27431 $FC  0.0
IMPROPER 27499 27506 27504 27508 $FC  120.0
IMPROPER 27516 27527 27519 27521 $FC -120.0
DIHEDRAL 27551 27554 27556 27558 $FC  0.0
IMPROPER 27626 27633 27631 27635 $FC  120.0
IMPROPER 27643 27654 27646 27648 $FC -120.0
DIHEDRAL 27678 27681 27683 27685 $FC  0.0
IMPROPER 27768 27779 27771 27773 $FC -120.0
DIHEDRAL 27803 27806 27808 27810 $FC  0.0
IMPROPER 27878 27885 27883 27887 $FC  120.0
IMPROPER 27895 27906 27898 27900 $FC -120.0
DIHEDRAL 27930 27933 27935 27937 $FC  0.0
IMPROPER 28005 28012 28010 28014 $FC  120.0
IMPROPER 28022 28033 28025 28027 $FC -120.0
DIHEDRAL 28057 28060 28062 28064 $FC  0.0
IMPROPER 28132 28139 28137 28141 $FC  120.0
IMPROPER 28149 28160 28152 28154 $FC -120.0
DIHEDRAL 28184 28187 28189 28191 $FC  0.0
IMPROPER 28259 28266 28264 28268 $FC  120.0
IMPROPER 28276 28287 28279 28281 $FC -120.0
DIHEDRAL 28311 28314 28316 28318 $FC  0.0
IMPROPER 28386 28393 28391 28395 $FC  120.0
IMPROPER 28403 28414 28406 28408 $FC -120.0
DIHEDRAL 28438 28441 28443 28445 $FC  0.0
IMPROPER 28513 28520 28518 28522 $FC  120.0
IMPROPER 28530 28541 28533 28535 $FC -120.0
DIHEDRAL 28565 28568 28570 28572 $FC  0.0
IMPROPER 28655 28666 28658 28660 $FC -120.0
DIHEDRAL 28690 28693 28695 28697 $FC  0.0
IMPROPER 28765 28772 28770 28774 $FC  120.0
IMPROPER 28782 28793 28785 28787 $FC -120.0
DIHEDRAL 28817 28820 28822 28824 $FC  0.0
IMPROPER 28907 28918 28910 28912 $FC -120.0
DIHEDRAL 28942 28945 28947 28949 $FC  0.0
IMPROPER 29017 29024 29022 29026 $FC  120.0
IMPROPER 29034 29045 29037 29039 $FC -120.0
DIHEDRAL 29069 29072 29074 29076 $FC  0.0
IMPROPER 29144 29151 29149 29153 $FC  120.0
IMPROPER 29161 29172 29164 29166 $FC -120.0
DIHEDRAL 29196 29199 29201 29203 $FC  0.0
IMPROPER 29286 29297 29289 29291 $FC -120.0
DIHEDRAL 29321 29324 29326 29328 $FC  0.0
IMPROPER 29411 29422 29414 29416 $FC -120.0
DIHEDRAL 29446 29449 29451 29453 $FC  0.0
IMPROPER 29536 29547 29539 29541 $FC -120.0
DIHEDRAL 29571 29574 29576 29578 $FC  0.0
IMPROPER 29646 29653 29651 29655 $FC  120.0
IMPROPER 29663 29674 29666 29668 $FC -120.0
DIHEDRAL 29698 29701 29703 29705 $FC  0.0
IMPROPER 29788 29799 29791 29793 $FC -120.0
DIHEDRAL 29823 29826 29828 29830 $FC  0.0
IMPROPER 29898 29905 29903 29907 $FC  120.0
IMPROPER 29915 29926 29918 29920 $FC -120.0
DIHEDRAL 29950 29953 29955 29957 $FC  0.0
IMPROPER 30025 30032 30030 30034 $FC  120.0
IMPROPER 30042 30053 30045 30047 $FC -120.0
DIHEDRAL 30077 30080 30082 30084 $FC  0.0
IMPROPER 30152 30159 30157 30161 $FC  120.0
IMPROPER 30169 30180 30172 30174 $FC -120.0
DIHEDRAL 30204 30207 30209 30211 $FC  0.0
IMPROPER 30279 30286 30284 30288 $FC  120.0
IMPROPER 30296 30307 30299 30301 $FC -120.0
DIHEDRAL 30331 30334 30336 30338 $FC  0.0
IMPROPER 30406 30413 30411 30415 $FC  120.0
IMPROPER 30423 30434 30426 30428 $FC -120.0
DIHEDRAL 30458 30461 30463 30465 $FC  0.0
IMPROPER 30533 30540 30538 30542 $FC  120.0
IMPROPER 30550 30561 30553 30555 $FC -120.0
DIHEDRAL 30585 30588 30590 30592 $FC  0.0
IMPROPER 30660 30667 30665 30669 $FC  120.0
IMPROPER 30677 30688 30680 30682 $FC -120.0
DIHEDRAL 30712 30715 30717 30719 $FC  0.0
IMPROPER 30802 30813 30805 30807 $FC -120.0
DIHEDRAL 30837 30840 30842 30844 $FC  0.0
IMPROPER 30912 30919 30917 30921 $FC  120.0
IMPROPER 30929 30940 30932 30934 $FC -120.0
DIHEDRAL 30964 30967 30969 30971 $FC  0.0
IMPROPER 31054 31065 31057 31059 $FC -120.0
DIHEDRAL 31089 31092 31094 31096 $FC  0.0
IMPROPER 31164 31171 31169 31173 $FC  120.0
IMPROPER 31181 31192 31184 31186 $FC -120.0
DIHEDRAL 31216 31219 31221 31223 $FC  0.0
IMPROPER 31291 31298 31296 31300 $FC  120.0
IMPROPER 31308 31319 31311 31313 $FC -120.0
DIHEDRAL 31343 31346 31348 31350 $FC  0.0
IMPROPER 31418 31425 31423 31427 $FC  120.0
IMPROPER 31435 31446 31438 31440 $FC -120.0
DIHEDRAL 31470 31473 31475 31477 $FC  0.0
IMPROPER 31560 31571 31563 31565 $FC -120.0
DIHEDRAL 31595 31598 31600 31602 $FC  0.0
IMPROPER 31670 31677 31675 31679 $FC  120.0
IMPROPER 31687 31698 31690 31692 $FC -120.0
DIHEDRAL 31722 31725 31727 31729 $FC  0.0
IMPROPER 31797 31804 31802 31806 $FC  120.0
IMPROPER 31814 31825 31817 31819 $FC -120.0
DIHEDRAL 31849 31852 31854 31856 $FC  0.0
IMPROPER 31939 31950 31942 31944 $FC -120.0
DIHEDRAL 31974 31977 31979 31981 $FC  0.0
IMPROPER 32049 32056 32054 32058 $FC  120.0
IMPROPER 32066 32077 32069 32071 $FC -120.0
DIHEDRAL 32101 32104 32106 32108 $FC  0.0
IMPROPER 32191 32202 32194 32196 $FC -120.0
DIHEDRAL 32226 32229 32231 32233 $FC  0.0
IMPROPER 32301 32308 32306 32310 $FC  120.0
IMPROPER 32318 32329 32321 32323 $FC -120.0
DIHEDRAL 32353 32356 32358 32360 $FC  0.0
IMPROPER 32428 32435 32433 32437 $FC  120.0
IMPROPER 32445 32456 32448 32450 $FC -120.0
DIHEDRAL 32480 32483 32485 32487 $FC  0.0
IMPROPER 32555 32562 32560 32564 $FC  120.0
IMPROPER 32572 32583 32575 32577 $FC -120.0
DIHEDRAL 32607 32610 32612 32614 $FC  0.0
IMPROPER 32682 32689 32687 32691 $FC  120.0
IMPROPER 32699 32710 32702 32704 $FC -120.0
DIHEDRAL 32734 32737 32739 32741 $FC  0.0
IMPROPER 32809 32816 32814 32818 $FC  120.0
IMPROPER 32826 32837 32829 32831 $FC -120.0
DIHEDRAL 32861 32864 32866 32868 $FC  0.0
IMPROPER 32951 32962 32954 32956 $FC -120.0
DIHEDRAL 32986 32989 32991 32993 $FC  0.0
IMPROPER 33076 33087 33079 33081 $FC -120.0
DIHEDRAL 33111 33114 33116 33118 $FC  0.0
IMPROPER 33186 33193 33191 33195 $FC  120.0
IMPROPER 33203 33214 33206 33208 $FC -120.0
DIHEDRAL 33238 33241 33243 33245 $FC  0.0
IMPROPER 33313 33320 33318 33322 $FC  120.0
IMPROPER 33330 33341 33333 33335 $FC -120.0
DIHEDRAL 33365 33368 33370 33372 $FC  0.0
IMPROPER 33440 33447 33445 33449 $FC  120.0
IMPROPER 33457 33468 33460 33462 $FC -120.0
DIHEDRAL 33492 33495 33497 33499 $FC  0.0
IMPROPER 33567 33574 33572 33576 $FC  120.0
IMPROPER 33584 33595 33587 33589 $FC -120.0
DIHEDRAL 33619 33622 33624 33626 $FC  0.0
IMPROPER 33709 33720 33712 33714 $FC -120.0
DIHEDRAL 33744 33747 33749 33751 $FC  0.0
IMPROPER 33819 33826 33824 33828 $FC  120.0
IMPROPER 33836 33847 33839 33841 $FC -120.0
DIHEDRAL 33871 33874 33876 33878 $FC  0.0
IMPROPER 33961 33972 33964 33966 $FC -120.0
DIHEDRAL 33996 33999 34001 34003 $FC  0.0
IMPROPER 34071 34078 34076 34080 $FC  120.0
IMPROPER 34088 34099 34091 34093 $FC -120.0
DIHEDRAL 34123 34126 34128 34130 $FC  0.0
IMPROPER 34198 34205 34203 34207 $FC  120.0
IMPROPER 34215 34226 34218 34220 $FC -120.0
DIHEDRAL 34250 34253 34255 34257 $FC  0.0
IMPROPER 34325 34332 34330 34334 $FC  120.0
IMPROPER 34342 34353 34345 34347 $FC -120.0
DIHEDRAL 34377 34380 34382 34384 $FC  0.0
IMPROPER 34467 34478 34470 34472 $FC -120.0
DIHEDRAL 34502 34505 34507 34509 $FC  0.0
IMPROPER 34577 34584 34582 34586 $FC  120.0
IMPROPER 34594 34605 34597 34599 $FC -120.0
DIHEDRAL 34629 34632 34634 34636 $FC  0.0
IMPROPER 34704 34711 34709 34713 $FC  120.0
IMPROPER 34721 34732 34724 34726 $FC -120.0
DIHEDRAL 34756 34759 34761 34763 $FC  0.0
IMPROPER 34831 34838 34836 34840 $FC  120.0
IMPROPER 34848 34859 34851 34853 $FC -120.0
DIHEDRAL 34883 34886 34888 34890 $FC  0.0
IMPROPER 34958 34965 34963 34967 $FC  120.0
IMPROPER 34975 34986 34978 34980 $FC -120.0
DIHEDRAL 35010 35013 35015 35017 $FC  0.0
IMPROPER 35085 35092 35090 35094 $FC  120.0
IMPROPER 35102 35113 35105 35107 $FC -120.0
DIHEDRAL 35137 35140 35142 35144 $FC  0.0
IMPROPER 35212 35219 35217 35221 $FC  120.0
IMPROPER 35229 35240 35232 35234 $FC -120.0
DIHEDRAL 35264 35267 35269 35271 $FC  0.0
IMPROPER 35339 35346 35344 35348 $FC  120.0
IMPROPER 35356 35367 35359 35361 $FC -120.0
DIHEDRAL 35391 35394 35396 35398 $FC  0.0
IMPROPER 35481 35492 35484 35486 $FC -120.0
DIHEDRAL 35516 35519 35521 35523 $FC  0.0
IMPROPER 35606 35617 35609 35611 $FC -120.0
DIHEDRAL 35641 35644 35646 35648 $FC  0.0
IMPROPER 35731 35742 35734 35736 $FC -120.0
DIHEDRAL 35766 35769 35771 35773 $FC  0.0
IMPROPER 35841 35848 35846 35850 $FC  120.0
IMPROPER 35858 35869 35861 35863 $FC -120.0
DIHEDRAL 35893 35896 35898 35900 $FC  0.0
IMPROPER 35983 35994 35986 35988 $FC -120.0
DIHEDRAL 36018 36021 36023 36025 $FC  0.0
IMPROPER 36093 36100 36098 36102 $FC  120.0
IMPROPER 36110 36121 36113 36115 $FC -120.0
DIHEDRAL 36145 36148 36150 36152 $FC  0.0
IMPROPER 36220 36227 36225 36229 $FC  120.0
IMPROPER 36237 36248 36240 36242 $FC -120.0
DIHEDRAL 36272 36275 36277 36279 $FC  0.0
IMPROPER 36347 36354 36352 36356 $FC  120.0
IMPROPER 36364 36375 36367 36369 $FC -120.0
DIHEDRAL 36399 36402 36404 36406 $FC  0.0
IMPROPER 36474 36481 36479 36483 $FC  120.0
IMPROPER 36491 36502 36494 36496 $FC -120.0
DIHEDRAL 36526 36529 36531 36533 $FC  0.0
IMPROPER 36616 36627 36619 36621 $FC -120.0
DIHEDRAL 36651 36654 36656 36658 $FC  0.0
IMPROPER 36726 36733 36731 36735 $FC  120.0
IMPROPER 36743 36754 36746 36748 $FC -120.0
DIHEDRAL 36778 36781 36783 36785 $FC  0.0
IMPROPER 36853 36860 36858 36862 $FC  120.0
IMPROPER 36870 36881 36873 36875 $FC -120.0
DIHEDRAL 36905 36908 36910 36912 $FC  0.0
IMPROPER 36980 36987 36985 36989 $FC  120.0
IMPROPER 36997 37008 37000 37002 $FC -120.0
DIHEDRAL 37032 37035 37037 37039 $FC  0.0
IMPROPER 37107 37114 37112 37116 $FC  120.0
IMPROPER 37124 37135 37127 37129 $FC -120.0
DIHEDRAL 37159 37162 37164 37166 $FC  0.0
IMPROPER 37249 37260 37252 37254 $FC -120.0
DIHEDRAL 37284 37287 37289 37291 $FC  0.0
IMPROPER 37359 37366 37364 37368 $FC  120.0
IMPROPER 37376 37387 37379 37381 $FC -120.0
DIHEDRAL 37411 37414 37416 37418 $FC  0.0
IMPROPER 37486 37493 37491 37495 $FC  120.0
IMPROPER 37503 37514 37506 37508 $FC -120.0
DIHEDRAL 37538 37541 37543 37545 $FC  0.0
IMPROPER 37613 37620 37618 37622 $FC  120.0
IMPROPER 37630 37641 37633 37635 $FC -120.0
DIHEDRAL 37665 37668 37670 37672 $FC  0.0
IMPROPER 37755 37766 37758 37760 $FC -120.0
DIHEDRAL 37790 37793 37795 37797 $FC  0.0
IMPROPER 37865 37872 37870 37874 $FC  120.0
IMPROPER 37882 37893 37885 37887 $FC -120.0
DIHEDRAL 37917 37920 37922 37924 $FC  0.0
IMPROPER 37992 37999 37997 38001 $FC  120.0
IMPROPER 38009 38020 38012 38014 $FC -120.0
DIHEDRAL 38044 38047 38049 38051 $FC  0.0
IMPROPER 38119 38126 38124 38128 $FC  120.0
IMPROPER 38136 38147 38139 38141 $FC -120.0
DIHEDRAL 38171 38174 38176 38178 $FC  0.0
IMPROPER 38246 38253 38251 38255 $FC  120.0
IMPROPER 38263 38274 38266 38268 $FC -120.0
DIHEDRAL 38298 38301 38303 38305 $FC  0.0
IMPROPER 38373 38380 38378 38382 $FC  120.0
IMPROPER 38390 38401 38393 38395 $FC -120.0
DIHEDRAL 38425 38428 38430 38432 $FC  0.0
IMPROPER 38515 38526 38518 38520 $FC -120.0
DIHEDRAL 38550 38553 38555 38557 $FC  0.0
IMPROPER 38625 38632 38630 38634 $FC  120.0
IMPROPER 38642 38653 38645 38647 $FC -120.0
DIHEDRAL 38677 38680 38682 38684 $FC  0.0
IMPROPER 38752 38759 38757 38761 $FC  120.0
IMPROPER 38769 38780 38772 38774 $FC -120.0
DIHEDRAL 38804 38807 38809 38811 $FC  0.0
IMPROPER 38879 38886 38884 38888 $FC  120.0
IMPROPER 38896 38907 38899 38901 $FC -120.0
DIHEDRAL 38931 38934 38936 38938 $FC  0.0
IMPROPER 39006 39013 39011 39015 $FC  120.0
IMPROPER 39023 39034 39026 39028 $FC -120.0
DIHEDRAL 39058 39061 39063 39065 $FC  0.0
IMPROPER 39133 39140 39138 39142 $FC  120.0
IMPROPER 39150 39161 39153 39155 $FC -120.0
DIHEDRAL 39185 39188 39190 39192 $FC  0.0
IMPROPER 39260 39267 39265 39269 $FC  120.0
IMPROPER 39277 39288 39280 39282 $FC -120.0
DIHEDRAL 39312 39315 39317 39319 $FC  0.0
IMPROPER 39387 39394 39392 39396 $FC  120.0
IMPROPER 39404 39415 39407 39409 $FC -120.0
DIHEDRAL 39439 39442 39444 39446 $FC  0.0
IMPROPER 39514 39521 39519 39523 $FC  120.0
IMPROPER 39531 39542 39534 39536 $FC -120.0
DIHEDRAL 39566 39569 39571 39573 $FC  0.0
IMPROPER 39641 39648 39646 39650 $FC  120.0
IMPROPER 39658 39669 39661 39663 $FC -120.0
DIHEDRAL 39693 39696 39698 39700 $FC  0.0
IMPROPER 39768 39775 39773 39777 $FC  120.0
IMPROPER 39785 39796 39788 39790 $FC -120.0
DIHEDRAL 39820 39823 39825 39827 $FC  0.0
IMPROPER 39895 39902 39900 39904 $FC  120.0
IMPROPER 39912 39923 39915 39917 $FC -120.0
DIHEDRAL 39947 39950 39952 39954 $FC  0.0
IMPROPER 40022 40029 40027 40031 $FC  120.0
IMPROPER 40039 40050 40042 40044 $FC -120.0
DIHEDRAL 40074 40077 40079 40081 $FC  0.0
IMPROPER 40149 40156 40154 40158 $FC  120.0
IMPROPER 40166 40177 40169 40171 $FC -120.0
DIHEDRAL 40201 40204 40206 40208 $FC  0.0
IMPROPER 40276 40283 40281 40285 $FC  120.0
IMPROPER 40293 40304 40296 40298 $FC -120.0
DIHEDRAL 40328 40331 40333 40335 $FC  0.0
IMPROPER 40418 40429 40421 40423 $FC -120.0
DIHEDRAL 40453 40456 40458 40460 $FC  0.0
IMPROPER 40528 40535 40533 40537 $FC  120.0
IMPROPER 40545 40556 40548 40550 $FC -120.0
DIHEDRAL 40580 40583 40585 40587 $FC  0.0
IMPROPER 40655 40662 40660 40664 $FC  120.0
IMPROPER 40672 40683 40675 40677 $FC -120.0
DIHEDRAL 40707 40710 40712 40714 $FC  0.0
IMPROPER 40782 40789 40787 40791 $FC  120.0
IMPROPER 40799 40810 40802 40804 $FC -120.0
DIHEDRAL 40834 40837 40839 40841 $FC  0.0
IMPROPER 40924 40935 40927 40929 $FC -120.0
DIHEDRAL 40959 40962 40964 40966 $FC  0.0
IMPROPER 41034 41041 41039 41043 $FC  120.0
IMPROPER 41051 41062 41054 41056 $FC -120.0
DIHEDRAL 41086 41089 41091 41093 $FC  0.0
IMPROPER 41161 41168 41166 41170 $FC  120.0
IMPROPER 41178 41189 41181 41183 $FC -120.0
DIHEDRAL 41213 41216 41218 41220 $FC  0.0
IMPROPER 41288 41295 41293 41297 $FC  120.0
IMPROPER 41305 41316 41308 41310 $FC -120.0
DIHEDRAL 41340 41343 41345 41347 $FC  0.0
IMPROPER 41415 41422 41420 41424 $FC  120.0
IMPROPER 41432 41443 41435 41437 $FC -120.0
DIHEDRAL 41467 41470 41472 41474 $FC  0.0
IMPROPER 41557 41568 41560 41562 $FC -120.0
DIHEDRAL 41592 41595 41597 41599 $FC  0.0
IMPROPER 41667 41674 41672 41676 $FC  120.0
IMPROPER 41684 41695 41687 41689 $FC -120.0
DIHEDRAL 41719 41722 41724 41726 $FC  0.0
IMPROPER 41794 41801 41799 41803 $FC  120.0
IMPROPER 41811 41822 41814 41816 $FC -120.0
DIHEDRAL 41846 41849 41851 41853 $FC  0.0
IMPROPER 41921 41928 41926 41930 $FC  120.0
IMPROPER 41938 41949 41941 41943 $FC -120.0
DIHEDRAL 41973 41976 41978 41980 $FC  0.0
IMPROPER 42048 42055 42053 42057 $FC  120.0
IMPROPER 42065 42076 42068 42070 $FC -120.0
DIHEDRAL 42100 42103 42105 42107 $FC  0.0
IMPROPER 42175 42182 42180 42184 $FC  120.0
IMPROPER 42192 42203 42195 42197 $FC -120.0
DIHEDRAL 42227 42230 42232 42234 $FC  0.0
IMPROPER 42302 42309 42307 42311 $FC  120.0
IMPROPER 42319 42330 42322 42324 $FC -120.0
DIHEDRAL 42354 42357 42359 42361 $FC  0.0
IMPROPER 42429 42436 42434 42438 $FC  120.0
IMPROPER 42446 42457 42449 42451 $FC -120.0
DIHEDRAL 42481 42484 42486 42488 $FC  0.0
IMPROPER 42571 42582 42574 42576 $FC -120.0
DIHEDRAL 42606 42609 42611 42613 $FC  0.0
IMPROPER 42681 42688 42686 42690 $FC  120.0
IMPROPER 42698 42709 42701 42703 $FC -120.0
DIHEDRAL 42733 42736 42738 42740 $FC  0.0
IMPROPER 42808 42815 42813 42817 $FC  120.0
IMPROPER 42825 42836 42828 42830 $FC -120.0
DIHEDRAL 42860 42863 42865 42867 $FC  0.0
IMPROPER 42935 42942 42940 42944 $FC  120.0
IMPROPER 42952 42963 42955 42957 $FC -120.0
DIHEDRAL 42987 42990 42992 42994 $FC  0.0
IMPROPER 43062 43069 43067 43071 $FC  120.0
IMPROPER 43079 43090 43082 43084 $FC -120.0
DIHEDRAL 43114 43117 43119 43121 $FC  0.0
IMPROPER 43204 43215 43207 43209 $FC -120.0
DIHEDRAL 43239 43242 43244 43246 $FC  0.0
IMPROPER 43314 43321 43319 43323 $FC  120.0
IMPROPER 43331 43342 43334 43336 $FC -120.0
DIHEDRAL 43366 43369 43371 43373 $FC  0.0
IMPROPER 43441 43448 43446 43450 $FC  120.0
IMPROPER 43458 43469 43461 43463 $FC -120.0
DIHEDRAL 43493 43496 43498 43500 $FC  0.0
IMPROPER 43583 43594 43586 43588 $FC -120.0
DIHEDRAL 43618 43621 43623 43625 $FC  0.0
IMPROPER 43693 43700 43698 43702 $FC  120.0
IMPROPER 43710 43721 43713 43715 $FC -120.0
DIHEDRAL 43745 43748 43750 43752 $FC  0.0
IMPROPER 43820 43827 43825 43829 $FC  120.0
IMPROPER 43837 43848 43840 43842 $FC -120.0
DIHEDRAL 43872 43875 43877 43879 $FC  0.0
IMPROPER 43947 43954 43952 43956 $FC  120.0
IMPROPER 43964 43975 43967 43969 $FC -120.0
DIHEDRAL 43999 44002 44004 44006 $FC  0.0
IMPROPER 44074 44081 44079 44083 $FC  120.0
IMPROPER 44091 44102 44094 44096 $FC -120.0
DIHEDRAL 44126 44129 44131 44133 $FC  0.0
IMPROPER 44201 44208 44206 44210 $FC  120.0
IMPROPER 44218 44229 44221 44223 $FC -120.0
DIHEDRAL 44253 44256 44258 44260 $FC  0.0
IMPROPER 44343 44354 44346 44348 $FC -120.0
DIHEDRAL 44378 44381 44383 44385 $FC  0.0
IMPROPER 44468 44479 44471 44473 $FC -120.0
DIHEDRAL 44503 44506 44508 44510 $FC  0.0
IMPROPER 44578 44585 44583 44587 $FC  120.0
IMPROPER 44595 44606 44598 44600 $FC -120.0
DIHEDRAL 44630 44633 44635 44637 $FC  0.0
IMPROPER 44720 44731 44723 44725 $FC -120.0
DIHEDRAL 44755 44758 44760 44762 $FC  0.0
IMPROPER 44830 44837 44835 44839 $FC  120.0
IMPROPER 44847 44858 44850 44852 $FC -120.0
DIHEDRAL 44882 44885 44887 44889 $FC  0.0
IMPROPER 44957 44964 44962 44966 $FC  120.0
IMPROPER 44974 44985 44977 44979 $FC -120.0
DIHEDRAL 45009 45012 45014 45016 $FC  0.0
IMPROPER 45084 45091 45089 45093 $FC  120.0
IMPROPER 45101 45112 45104 45106 $FC -120.0
DIHEDRAL 45136 45139 45141 45143 $FC  0.0
IMPROPER 45211 45218 45216 45220 $FC  120.0
IMPROPER 45228 45239 45231 45233 $FC -120.0
DIHEDRAL 45263 45266 45268 45270 $FC  0.0
IMPROPER 45338 45345 45343 45347 $FC  120.0
IMPROPER 45355 45366 45358 45360 $FC -120.0
DIHEDRAL 45390 45393 45395 45397 $FC  0.0
IMPROPER 45465 45472 45470 45474 $FC  120.0
IMPROPER 45482 45493 45485 45487 $FC -120.0
DIHEDRAL 45517 45520 45522 45524 $FC  0.0
IMPROPER 45592 45599 45597 45601 $FC  120.0
IMPROPER 45609 45620 45612 45614 $FC -120.0
DIHEDRAL 45644 45647 45649 45651 $FC  0.0
IMPROPER 45719 45726 45724 45728 $FC  120.0
IMPROPER 45736 45747 45739 45741 $FC -120.0
DIHEDRAL 45771 45774 45776 45778 $FC  0.0
IMPROPER 45846 45853 45851 45855 $FC  120.0
IMPROPER 45863 45874 45866 45868 $FC -120.0
DIHEDRAL 45898 45901 45903 45905 $FC  0.0
IMPROPER 45988 45999 45991 45993 $FC -120.0
DIHEDRAL 46023 46026 46028 46030 $FC  0.0
IMPROPER 46098 46105 46103 46107 $FC  120.0
IMPROPER 46115 46126 46118 46120 $FC -120.0
DIHEDRAL 46150 46153 46155 46157 $FC  0.0
IMPROPER 46225 46232 46230 46234 $FC  120.0
IMPROPER 46242 46253 46245 46247 $FC -120.0
DIHEDRAL 46277 46280 46282 46284 $FC  0.0
IMPROPER 46352 46359 46357 46361 $FC  120.0
IMPROPER 46369 46380 46372 46374 $FC -120.0
DIHEDRAL 46404 46407 46409 46411 $FC  0.0
IMPROPER 46479 46486 46484 46488 $FC  120.0
IMPROPER 46496 46507 46499 46501 $FC -120.0
DIHEDRAL 46531 46534 46536 46538 $FC  0.0
IMPROPER 46621 46632 46624 46626 $FC -120.0
DIHEDRAL 46656 46659 46661 46663 $FC  0.0
IMPROPER 46731 46738 46736 46740 $FC  120.0
IMPROPER 46748 46759 46751 46753 $FC -120.0
DIHEDRAL 46783 46786 46788 46790 $FC  0.0
IMPROPER 46858 46865 46863 46867 $FC  120.0
IMPROPER 46875 46886 46878 46880 $FC -120.0
DIHEDRAL 46910 46913 46915 46917 $FC  0.0
IMPROPER 46985 46992 46990 46994 $FC  120.0
IMPROPER 47002 47013 47005 47007 $FC -120.0
DIHEDRAL 47037 47040 47042 47044 $FC  0.0
IMPROPER 47112 47119 47117 47121 $FC  120.0
IMPROPER 47129 47140 47132 47134 $FC -120.0
DIHEDRAL 47164 47167 47169 47171 $FC  0.0
IMPROPER 47239 47246 47244 47248 $FC  120.0
IMPROPER 47256 47267 47259 47261 $FC -120.0
DIHEDRAL 47291 47294 47296 47298 $FC  0.0
IMPROPER 47366 47373 47371 47375 $FC  120.0
IMPROPER 47383 47394 47386 47388 $FC -120.0
DIHEDRAL 47418 47421 47423 47425 $FC  0.0
IMPROPER 47493 47500 47498 47502 $FC  120.0
IMPROPER 47510 47521 47513 47515 $FC -120.0
DIHEDRAL 47545 47548 47550 47552 $FC  0.0
IMPROPER 47620 47627 47625 47629 $FC  120.0
IMPROPER 47637 47648 47640 47642 $FC -120.0
DIHEDRAL 47672 47675 47677 47679 $FC  0.0
IMPROPER 47747 47754 47752 47756 $FC  120.0
IMPROPER 47764 47775 47767 47769 $FC -120.0
DIHEDRAL 47799 47802 47804 47806 $FC  0.0
IMPROPER 47874 47881 47879 47883 $FC  120.0
IMPROPER 47891 47902 47894 47896 $FC -120.0
DIHEDRAL 47926 47929 47931 47933 $FC  0.0
IMPROPER 48001 48008 48006 48010 $FC  120.0
IMPROPER 48018 48029 48021 48023 $FC -120.0
DIHEDRAL 48053 48056 48058 48060 $FC  0.0
IMPROPER 48128 48135 48133 48137 $FC  120.0
IMPROPER 48145 48156 48148 48150 $FC -120.0
DIHEDRAL 48180 48183 48185 48187 $FC  0.0
IMPROPER 48255 48262 48260 48264 $FC  120.0
IMPROPER 48272 48283 48275 48277 $FC -120.0
DIHEDRAL 48307 48310 48312 48314 $FC  0.0
IMPROPER 48382 48389 48387 48391 $FC  120.0
IMPROPER 48399 48410 48402 48404 $FC -120.0
DIHEDRAL 48434 48437 48439 48441 $FC  0.0
IMPROPER 48524 48535 48527 48529 $FC -120.0
DIHEDRAL 48559 48562 48564 48566 $FC  0.0
IMPROPER 48634 48641 48639 48643 $FC  120.0
IMPROPER 48651 48662 48654 48656 $FC -120.0
DIHEDRAL 48686 48689 48691 48693 $FC  0.0
IMPROPER 48761 48768 48766 48770 $FC  120.0
IMPROPER 48778 48789 48781 48783 $FC -120.0
DIHEDRAL 48813 48816 48818 48820 $FC  0.0
IMPROPER 48888 48895 48893 48897 $FC  120.0
IMPROPER 48905 48916 48908 48910 $FC -120.0
DIHEDRAL 48940 48943 48945 48947 $FC  0.0
IMPROPER 49015 49022 49020 49024 $FC  120.0
IMPROPER 49032 49043 49035 49037 $FC -120.0
DIHEDRAL 49067 49070 49072 49074 $FC  0.0
IMPROPER 49142 49149 49147 49151 $FC  120.0
IMPROPER 49159 49170 49162 49164 $FC -120.0
DIHEDRAL 49194 49197 49199 49201 $FC  0.0
IMPROPER 49284 49295 49287 49289 $FC -120.0
DIHEDRAL 49319 49322 49324 49326 $FC  0.0
IMPROPER 49394 49401 49399 49403 $FC  120.0
IMPROPER 49411 49422 49414 49416 $FC -120.0
DIHEDRAL 49446 49449 49451 49453 $FC  0.0
IMPROPER 49521 49528 49526 49530 $FC  120.0
IMPROPER 49538 49549 49541 49543 $FC -120.0
DIHEDRAL 49573 49576 49578 49580 $FC  0.0
IMPROPER 49663 49674 49666 49668 $FC -120.0
DIHEDRAL 49698 49701 49703 49705 $FC  0.0
IMPROPER 49773 49780 49778 49782 $FC  120.0
IMPROPER 49790 49801 49793 49795 $FC -120.0
DIHEDRAL 49825 49828 49830 49832 $FC  0.0
IMPROPER 49915 49926 49918 49920 $FC -120.0
DIHEDRAL 49950 49953 49955 49957 $FC  0.0
IMPROPER 50025 50032 50030 50034 $FC  120.0
IMPROPER 50042 50053 50045 50047 $FC -120.0
DIHEDRAL 50077 50080 50082 50084 $FC  0.0
IMPROPER 50152 50159 50157 50161 $FC  120.0
IMPROPER 50169 50180 50172 50174 $FC -120.0
DIHEDRAL 50204 50207 50209 50211 $FC  0.0
IMPROPER 50279 50286 50284 50288 $FC  120.0
IMPROPER 50296 50307 50299 50301 $FC -120.0
DIHEDRAL 50331 50334 50336 50338 $FC  0.0
IMPROPER 50406 50413 50411 50415 $FC  120.0
IMPROPER 50423 50434 50426 50428 $FC -120.0
DIHEDRAL 50458 50461 50463 50465 $FC  0.0
IMPROPER 50533 50540 50538 50542 $FC  120.0
IMPROPER 50550 50561 50553 50555 $FC -120.0
DIHEDRAL 50585 50588 50590 50592 $FC  0.0
IMPROPER 50660 50667 50665 50669 $FC  120.0
IMPROPER 50677 50688 50680 50682 $FC -120.0
DIHEDRAL 50712 50715 50717 50719 $FC  0.0
IMPROPER 50802 50813 50805 50807 $FC -120.0
DIHEDRAL 50837 50840 50842 50844 $FC  0.0
IMPROPER 50912 50919 50917 50921 $FC  120.0
IMPROPER 50929 50940 50932 50934 $FC -120.0
DIHEDRAL 50964 50967 50969 50971 $FC  0.0
IMPROPER 51039 51046 51044 51048 $FC  120.0
IMPROPER 51056 51067 51059 51061 $FC -120.0
DIHEDRAL 51091 51094 51096 51098 $FC  0.0
IMPROPER 51166 51173 51171 51175 $FC  120.0
IMPROPER 51183 51194 51186 51188 $FC -120.0
DIHEDRAL 51218 51221 51223 51225 $FC  0.0
IMPROPER 51293 51300 51298 51302 $FC  120.0
IMPROPER 51310 51321 51313 51315 $FC -120.0
DIHEDRAL 51345 51348 51350 51352 $FC  0.0
IMPROPER 51435 51446 51438 51440 $FC -120.0
DIHEDRAL 51470 51473 51475 51477 $FC  0.0
IMPROPER 51545 51552 51550 51554 $FC  120.0
IMPROPER 51562 51573 51565 51567 $FC -120.0
DIHEDRAL 51597 51600 51602 51604 $FC  0.0
IMPROPER 51672 51679 51677 51681 $FC  120.0
IMPROPER 51689 51700 51692 51694 $FC -120.0
DIHEDRAL 51724 51727 51729 51731 $FC  0.0
IMPROPER 51799 51806 51804 51808 $FC  120.0
IMPROPER 51816 51827 51819 51821 $FC -120.0
DIHEDRAL 51851 51854 51856 51858 $FC  0.0
IMPROPER 51926 51933 51931 51935 $FC  120.0
IMPROPER 51943 51954 51946 51948 $FC -120.0
DIHEDRAL 51978 51981 51983 51985 $FC  0.0
IMPROPER 52068 52079 52071 52073 $FC -120.0
DIHEDRAL 52103 52106 52108 52110 $FC  0.0
IMPROPER 52178 52185 52183 52187 $FC  120.0
IMPROPER 52195 52206 52198 52200 $FC -120.0
DIHEDRAL 52230 52233 52235 52237 $FC  0.0
IMPROPER 52305 52312 52310 52314 $FC  120.0
IMPROPER 52322 52333 52325 52327 $FC -120.0
DIHEDRAL 52357 52360 52362 52364 $FC  0.0
IMPROPER 52447 52458 52450 52452 $FC -120.0
DIHEDRAL 52482 52485 52487 52489 $FC  0.0
IMPROPER 52557 52564 52562 52566 $FC  120.0
IMPROPER 52574 52585 52577 52579 $FC -120.0
DIHEDRAL 52609 52612 52614 52616 $FC  0.0
IMPROPER 52684 52691 52689 52693 $FC  120.0
IMPROPER 52701 52712 52704 52706 $FC -120.0
DIHEDRAL 52736 52739 52741 52743 $FC  0.0
IMPROPER 52811 52818 52816 52820 $FC  120.0
IMPROPER 52828 52839 52831 52833 $FC -120.0
DIHEDRAL 52863 52866 52868 52870 $FC  0.0
IMPROPER 52938 52945 52943 52947 $FC  120.0
IMPROPER 52955 52966 52958 52960 $FC -120.0
DIHEDRAL 52990 52993 52995 52997 $FC  0.0
IMPROPER 53065 53072 53070 53074 $FC  120.0
IMPROPER 53082 53093 53085 53087 $FC -120.0
DIHEDRAL 53117 53120 53122 53124 $FC  0.0
IMPROPER 53192 53199 53197 53201 $FC  120.0
IMPROPER 53209 53220 53212 53214 $FC -120.0
DIHEDRAL 53244 53247 53249 53251 $FC  0.0
IMPROPER 53319 53326 53324 53328 $FC  120.0
IMPROPER 53336 53347 53339 53341 $FC -120.0
DIHEDRAL 53371 53374 53376 53378 $FC  0.0
IMPROPER 53446 53453 53451 53455 $FC  120.0
IMPROPER 53463 53474 53466 53468 $FC -120.0
DIHEDRAL 53498 53501 53503 53505 $FC  0.0
IMPROPER 53573 53580 53578 53582 $FC  120.0
IMPROPER 53590 53601 53593 53595 $FC -120.0
DIHEDRAL 53625 53628 53630 53632 $FC  0.0
IMPROPER 53715 53726 53718 53720 $FC -120.0
DIHEDRAL 53750 53753 53755 53757 $FC  0.0
IMPROPER 53825 53832 53830 53834 $FC  120.0
IMPROPER 53842 53853 53845 53847 $FC -120.0
DIHEDRAL 53877 53880 53882 53884 $FC  0.0
IMPROPER 53952 53959 53957 53961 $FC  120.0
IMPROPER 53969 53980 53972 53974 $FC -120.0
DIHEDRAL 54004 54007 54009 54011 $FC  0.0
IMPROPER 54079 54086 54084 54088 $FC  120.0
IMPROPER 54096 54107 54099 54101 $FC -120.0
DIHEDRAL 54131 54134 54136 54138 $FC  0.0
IMPROPER 54206 54213 54211 54215 $FC  120.0
IMPROPER 54223 54234 54226 54228 $FC -120.0
DIHEDRAL 54258 54261 54263 54265 $FC  0.0
IMPROPER 54333 54340 54338 54342 $FC  120.0
IMPROPER 54350 54361 54353 54355 $FC -120.0
DIHEDRAL 54385 54388 54390 54392 $FC  0.0
IMPROPER 54475 54486 54478 54480 $FC -120.0
DIHEDRAL 54510 54513 54515 54517 $FC  0.0
IMPROPER 54585 54592 54590 54594 $FC  120.0
IMPROPER 54602 54613 54605 54607 $FC -120.0
DIHEDRAL 54637 54640 54642 54644 $FC  0.0
IMPROPER 54727 54738 54730 54732 $FC -120.0
DIHEDRAL 54762 54765 54767 54769 $FC  0.0
IMPROPER 54837 54844 54842 54846 $FC  120.0
IMPROPER 54854 54865 54857 54859 $FC -120.0
DIHEDRAL 54889 54892 54894 54896 $FC  0.0
IMPROPER 54964 54971 54969 54973 $FC  120.0
IMPROPER 54981 54992 54984 54986 $FC -120.0
DIHEDRAL 55016 55019 55021 55023 $FC  0.0
IMPROPER 55091 55098 55096 55100 $FC  120.0
IMPROPER 55108 55119 55111 55113 $FC -120.0
DIHEDRAL 55143 55146 55148 55150 $FC  0.0
IMPROPER 55233 55244 55236 55238 $FC -120.0
DIHEDRAL 55268 55271 55273 55275 $FC  0.0
IMPROPER 55343 55350 55348 55352 $FC  120.0
IMPROPER 55360 55371 55363 55365 $FC -120.0
DIHEDRAL 55395 55398 55400 55402 $FC  0.0
IMPROPER 55470 55477 55475 55479 $FC  120.0
IMPROPER 55487 55498 55490 55492 $FC -120.0
DIHEDRAL 55522 55525 55527 55529 $FC  0.0
IMPROPER 55597 55604 55602 55606 $FC  120.0
IMPROPER 55614 55625 55617 55619 $FC -120.0
DIHEDRAL 55649 55652 55654 55656 $FC  0.0
IMPROPER 55739 55750 55742 55744 $FC -120.0
DIHEDRAL 55774 55777 55779 55781 $FC  0.0
IMPROPER 55849 55856 55854 55858 $FC  120.0
IMPROPER 55866 55877 55869 55871 $FC -120.0
DIHEDRAL 55901 55904 55906 55908 $FC  0.0
IMPROPER 55976 55983 55981 55985 $FC  120.0
IMPROPER 55993 56004 55996 55998 $FC -120.0
DIHEDRAL 56028 56031 56033 56035 $FC  0.0
IMPROPER 56118 56129 56121 56123 $FC -120.0
DIHEDRAL 56153 56156 56158 56160 $FC  0.0
IMPROPER 56228 56235 56233 56237 $FC  120.0
IMPROPER 56245 56256 56248 56250 $FC -120.0
DIHEDRAL 56280 56283 56285 56287 $FC  0.0
IMPROPER 56370 56381 56373 56375 $FC -120.0
DIHEDRAL 56405 56408 56410 56412 $FC  0.0
IMPROPER 56480 56487 56485 56489 $FC  120.0
IMPROPER 56497 56508 56500 56502 $FC -120.0
DIHEDRAL 56532 56535 56537 56539 $FC  0.0
IMPROPER 56607 56614 56612 56616 $FC  120.0
IMPROPER 56624 56635 56627 56629 $FC -120.0
DIHEDRAL 56659 56662 56664 56666 $FC  0.0
IMPROPER 56734 56741 56739 56743 $FC  120.0
IMPROPER 56751 56762 56754 56756 $FC -120.0
DIHEDRAL 56786 56789 56791 56793 $FC  0.0
IMPROPER 56861 56868 56866 56870 $FC  120.0
IMPROPER 56878 56889 56881 56883 $FC -120.0
DIHEDRAL 56913 56916 56918 56920 $FC  0.0
IMPROPER 56988 56995 56993 56997 $FC  120.0
IMPROPER 57005 57016 57008 57010 $FC -120.0
DIHEDRAL 57040 57043 57045 57047 $FC  0.0
IMPROPER 57115 57122 57120 57124 $FC  120.0
IMPROPER 57132 57143 57135 57137 $FC -120.0
DIHEDRAL 57167 57170 57172 57174 $FC  0.0
IMPROPER 57242 57249 57247 57251 $FC  120.0
IMPROPER 57259 57270 57262 57264 $FC -120.0
DIHEDRAL 57294 57297 57299 57301 $FC  0.0
IMPROPER 57384 57395 57387 57389 $FC -120.0
DIHEDRAL 57419 57422 57424 57426 $FC  0.0
IMPROPER 57494 57501 57499 57503 $FC  120.0
IMPROPER 57511 57522 57514 57516 $FC -120.0
DIHEDRAL 57546 57549 57551 57553 $FC  0.0
IMPROPER 57636 57647 57639 57641 $FC -120.0
DIHEDRAL 57671 57674 57676 57678 $FC  0.0
IMPROPER 57746 57753 57751 57755 $FC  120.0
IMPROPER 57763 57774 57766 57768 $FC -120.0
DIHEDRAL 57798 57801 57803 57805 $FC  0.0
IMPROPER 57873 57880 57878 57882 $FC  120.0
IMPROPER 57890 57901 57893 57895 $FC -120.0
DIHEDRAL 57925 57928 57930 57932 $FC  0.0
IMPROPER 58000 58007 58005 58009 $FC  120.0
IMPROPER 58017 58028 58020 58022 $FC -120.0
DIHEDRAL 58052 58055 58057 58059 $FC  0.0
IMPROPER 58142 58153 58145 58147 $FC -120.0
DIHEDRAL 58177 58180 58182 58184 $FC  0.0
IMPROPER 58252 58259 58257 58261 $FC  120.0
IMPROPER 58269 58280 58272 58274 $FC -120.0
DIHEDRAL 58304 58307 58309 58311 $FC  0.0
IMPROPER 58379 58386 58384 58388 $FC  120.0
IMPROPER 58396 58407 58399 58401 $FC -120.0
DIHEDRAL 58431 58434 58436 58438 $FC  0.0
IMPROPER 58506 58513 58511 58515 $FC  120.0
IMPROPER 58523 58534 58526 58528 $FC -120.0
DIHEDRAL 58558 58561 58563 58565 $FC  0.0
IMPROPER 58648 58659 58651 58653 $FC -120.0
DIHEDRAL 58683 58686 58688 58690 $FC  0.0
IMPROPER 58773 58784 58776 58778 $FC -120.0
DIHEDRAL 58808 58811 58813 58815 $FC  0.0
IMPROPER 58883 58890 58888 58892 $FC  120.0
IMPROPER 58900 58911 58903 58905 $FC -120.0
DIHEDRAL 58935 58938 58940 58942 $FC  0.0
IMPROPER 59010 59017 59015 59019 $FC  120.0
IMPROPER 59027 59038 59030 59032 $FC -120.0
DIHEDRAL 59062 59065 59067 59069 $FC  0.0
