IMPROPER 7881 7892 7884 7886 $FC -120.0
DIHEDRAL 7916 7919 7921 7923 $FC  0.0
IMPROPER 8006 8017 8009 8011 $FC -120.0
DIHEDRAL 8041 8044 8046 8048 $FC  0.0
IMPROPER 8131 8142 8134 8136 $FC -120.0
DIHEDRAL 8166 8169 8171 8173 $FC  0.0
IMPROPER 8256 8267 8259 8261 $FC -120.0
DIHEDRAL 8291 8294 8296 8298 $FC  0.0
IMPROPER 8381 8392 8384 8386 $FC -120.0
DIHEDRAL 8416 8419 8421 8423 $FC  0.0
IMPROPER 8506 8517 8509 8511 $FC -120.0
DIHEDRAL 8541 8544 8546 8548 $FC  0.0
IMPROPER 8631 8642 8634 8636 $FC -120.0
DIHEDRAL 8666 8669 8671 8673 $FC  0.0
IMPROPER 8756 8767 8759 8761 $FC -120.0
DIHEDRAL 8791 8794 8796 8798 $FC  0.0
IMPROPER 8866 8873 8871 8875 $FC  120.0
IMPROPER 8883 8894 8886 8888 $FC -120.0
DIHEDRAL 8918 8921 8923 8925 $FC  0.0
IMPROPER 9008 9019 9011 9013 $FC -120.0
DIHEDRAL 9043 9046 9048 9050 $FC  0.0
IMPROPER 9133 9144 9136 9138 $FC -120.0
DIHEDRAL 9168 9171 9173 9175 $FC  0.0
IMPROPER 9258 9269 9261 9263 $FC -120.0
DIHEDRAL 9293 9296 9298 9300 $FC  0.0
IMPROPER 9383 9394 9386 9388 $FC -120.0
DIHEDRAL 9418 9421 9423 9425 $FC  0.0
IMPROPER 9493 9500 9498 9502 $FC  120.0
IMPROPER 9510 9521 9513 9515 $FC -120.0
DIHEDRAL 9545 9548 9550 9552 $FC  0.0
IMPROPER 9620 9627 9625 9629 $FC  120.0
IMPROPER 9637 9648 9640 9642 $FC -120.0
DIHEDRAL 9672 9675 9677 9679 $FC  0.0
IMPROPER 9762 9773 9765 9767 $FC -120.0
DIHEDRAL 9797 9800 9802 9804 $FC  0.0
IMPROPER 9887 9898 9890 9892 $FC -120.0
DIHEDRAL 9922 9925 9927 9929 $FC  0.0
IMPROPER 9997 10004 10002 10006 $FC  120.0
IMPROPER 10014 10025 10017 10019 $FC -120.0
DIHEDRAL 10049 10052 10054 10056 $FC  0.0
IMPROPER 10139 10150 10142 10144 $FC -120.0
DIHEDRAL 10174 10177 10179 10181 $FC  0.0
IMPROPER 10264 10275 10267 10269 $FC -120.0
DIHEDRAL 10299 10302 10304 10306 $FC  0.0
IMPROPER 10389 10400 10392 10394 $FC -120.0
DIHEDRAL 10424 10427 10429 10431 $FC  0.0
IMPROPER 10514 10525 10517 10519 $FC -120.0
DIHEDRAL 10549 10552 10554 10556 $FC  0.0
IMPROPER 10639 10650 10642 10644 $FC -120.0
DIHEDRAL 10674 10677 10679 10681 $FC  0.0
IMPROPER 10764 10775 10767 10769 $FC -120.0
DIHEDRAL 10799 10802 10804 10806 $FC  0.0
IMPROPER 10889 10900 10892 10894 $FC -120.0
DIHEDRAL 10924 10927 10929 10931 $FC  0.0
IMPROPER 11014 11025 11017 11019 $FC -120.0
DIHEDRAL 11049 11052 11054 11056 $FC  0.0
IMPROPER 11139 11150 11142 11144 $FC -120.0
DIHEDRAL 11174 11177 11179 11181 $FC  0.0
IMPROPER 11264 11275 11267 11269 $FC -120.0
DIHEDRAL 11299 11302 11304 11306 $FC  0.0
IMPROPER 11389 11400 11392 11394 $FC -120.0
DIHEDRAL 11424 11427 11429 11431 $FC  0.0
IMPROPER 11514 11525 11517 11519 $FC -120.0
DIHEDRAL 11549 11552 11554 11556 $FC  0.0
IMPROPER 11639 11650 11642 11644 $FC -120.0
DIHEDRAL 11674 11677 11679 11681 $FC  0.0
IMPROPER 11764 11775 11767 11769 $FC -120.0
DIHEDRAL 11799 11802 11804 11806 $FC  0.0
IMPROPER 11874 11881 11879 11883 $FC  120.0
IMPROPER 11891 11902 11894 11896 $FC -120.0
DIHEDRAL 11926 11929 11931 11933 $FC  0.0
IMPROPER 12016 12027 12019 12021 $FC -120.0
DIHEDRAL 12051 12054 12056 12058 $FC  0.0
IMPROPER 12141 12152 12144 12146 $FC -120.0
DIHEDRAL 12176 12179 12181 12183 $FC  0.0
IMPROPER 12266 12277 12269 12271 $FC -120.0
DIHEDRAL 12301 12304 12306 12308 $FC  0.0
IMPROPER 12391 12402 12394 12396 $FC -120.0
DIHEDRAL 12426 12429 12431 12433 $FC  0.0
IMPROPER 12516 12527 12519 12521 $FC -120.0
DIHEDRAL 12551 12554 12556 12558 $FC  0.0
IMPROPER 12641 12652 12644 12646 $FC -120.0
DIHEDRAL 12676 12679 12681 12683 $FC  0.0
IMPROPER 12766 12777 12769 12771 $FC -120.0
DIHEDRAL 12801 12804 12806 12808 $FC  0.0
IMPROPER 12876 12883 12881 12885 $FC  120.0
IMPROPER 12893 12904 12896 12898 $FC -120.0
DIHEDRAL 12928 12931 12933 12935 $FC  0.0
IMPROPER 13018 13029 13021 13023 $FC -120.0
DIHEDRAL 13053 13056 13058 13060 $FC  0.0
IMPROPER 13143 13154 13146 13148 $FC -120.0
DIHEDRAL 13178 13181 13183 13185 $FC  0.0
IMPROPER 13268 13279 13271 13273 $FC -120.0
DIHEDRAL 13303 13306 13308 13310 $FC  0.0
IMPROPER 13393 13404 13396 13398 $FC -120.0
DIHEDRAL 13428 13431 13433 13435 $FC  0.0
IMPROPER 13518 13529 13521 13523 $FC -120.0
DIHEDRAL 13553 13556 13558 13560 $FC  0.0
IMPROPER 13643 13654 13646 13648 $FC -120.0
DIHEDRAL 13678 13681 13683 13685 $FC  0.0
IMPROPER 13768 13779 13771 13773 $FC -120.0
DIHEDRAL 13803 13806 13808 13810 $FC  0.0
IMPROPER 13893 13904 13896 13898 $FC -120.0
DIHEDRAL 13928 13931 13933 13935 $FC  0.0
IMPROPER 14018 14029 14021 14023 $FC -120.0
DIHEDRAL 14053 14056 14058 14060 $FC  0.0
IMPROPER 14128 14135 14133 14137 $FC  120.0
IMPROPER 14145 14156 14148 14150 $FC -120.0
DIHEDRAL 14180 14183 14185 14187 $FC  0.0
IMPROPER 14270 14281 14273 14275 $FC -120.0
DIHEDRAL 14305 14308 14310 14312 $FC  0.0
IMPROPER 14395 14406 14398 14400 $FC -120.0
DIHEDRAL 14430 14433 14435 14437 $FC  0.0
IMPROPER 14520 14531 14523 14525 $FC -120.0
DIHEDRAL 14555 14558 14560 14562 $FC  0.0
IMPROPER 14645 14656 14648 14650 $FC -120.0
DIHEDRAL 14680 14683 14685 14687 $FC  0.0
IMPROPER 14770 14781 14773 14775 $FC -120.0
DIHEDRAL 14805 14808 14810 14812 $FC  0.0
IMPROPER 14895 14906 14898 14900 $FC -120.0
DIHEDRAL 14930 14933 14935 14937 $FC  0.0
IMPROPER 15020 15031 15023 15025 $FC -120.0
DIHEDRAL 15055 15058 15060 15062 $FC  0.0
IMPROPER 15145 15156 15148 15150 $FC -120.0
DIHEDRAL 15180 15183 15185 15187 $FC  0.0
IMPROPER 15270 15281 15273 15275 $FC -120.0
DIHEDRAL 15305 15308 15310 15312 $FC  0.0
IMPROPER 15380 15387 15385 15389 $FC  120.0
IMPROPER 15397 15408 15400 15402 $FC -120.0
DIHEDRAL 15432 15435 15437 15439 $FC  0.0
IMPROPER 15507 15514 15512 15516 $FC  120.0
IMPROPER 15524 15535 15527 15529 $FC -120.0
DIHEDRAL 15559 15562 15564 15566 $FC  0.0
IMPROPER 15649 15660 15652 15654 $FC -120.0
DIHEDRAL 15684 15687 15689 15691 $FC  0.0
IMPROPER 15774 15785 15777 15779 $FC -120.0
DIHEDRAL 15809 15812 15814 15816 $FC  0.0
IMPROPER 15899 15910 15902 15904 $FC -120.0
DIHEDRAL 15934 15937 15939 15941 $FC  0.0
IMPROPER 16024 16035 16027 16029 $FC -120.0
DIHEDRAL 16059 16062 16064 16066 $FC  0.0
IMPROPER 16149 16160 16152 16154 $FC -120.0
DIHEDRAL 16184 16187 16189 16191 $FC  0.0
IMPROPER 16274 16285 16277 16279 $FC -120.0
DIHEDRAL 16309 16312 16314 16316 $FC  0.0
IMPROPER 16384 16391 16389 16393 $FC  120.0
IMPROPER 16401 16412 16404 16406 $FC -120.0
DIHEDRAL 16436 16439 16441 16443 $FC  0.0
IMPROPER 16511 16518 16516 16520 $FC  120.0
IMPROPER 16528 16539 16531 16533 $FC -120.0
DIHEDRAL 16563 16566 16568 16570 $FC  0.0
IMPROPER 16653 16664 16656 16658 $FC -120.0
DIHEDRAL 16688 16691 16693 16695 $FC  0.0
IMPROPER 16778 16789 16781 16783 $FC -120.0
DIHEDRAL 16813 16816 16818 16820 $FC  0.0
IMPROPER 16903 16914 16906 16908 $FC -120.0
DIHEDRAL 16938 16941 16943 16945 $FC  0.0
IMPROPER 17028 17039 17031 17033 $FC -120.0
DIHEDRAL 17063 17066 17068 17070 $FC  0.0
IMPROPER 17153 17164 17156 17158 $FC -120.0
DIHEDRAL 17188 17191 17193 17195 $FC  0.0
IMPROPER 17278 17289 17281 17283 $FC -120.0
DIHEDRAL 17313 17316 17318 17320 $FC  0.0
IMPROPER 17403 17414 17406 17408 $FC -120.0
DIHEDRAL 17438 17441 17443 17445 $FC  0.0
IMPROPER 17528 17539 17531 17533 $FC -120.0
DIHEDRAL 17563 17566 17568 17570 $FC  0.0
IMPROPER 17638 17645 17643 17647 $FC  120.0
IMPROPER 17655 17666 17658 17660 $FC -120.0
DIHEDRAL 17690 17693 17695 17697 $FC  0.0
IMPROPER 17780 17791 17783 17785 $FC -120.0
DIHEDRAL 17815 17818 17820 17822 $FC  0.0
IMPROPER 17905 17916 17908 17910 $FC -120.0
DIHEDRAL 17940 17943 17945 17947 $FC  0.0
IMPROPER 18015 18022 18020 18024 $FC  120.0
IMPROPER 18032 18043 18035 18037 $FC -120.0
DIHEDRAL 18067 18070 18072 18074 $FC  0.0
IMPROPER 18157 18168 18160 18162 $FC -120.0
DIHEDRAL 18192 18195 18197 18199 $FC  0.0
IMPROPER 18267 18274 18272 18276 $FC  120.0
IMPROPER 18284 18295 18287 18289 $FC -120.0
DIHEDRAL 18319 18322 18324 18326 $FC  0.0
IMPROPER 18409 18420 18412 18414 $FC -120.0
DIHEDRAL 18444 18447 18449 18451 $FC  0.0
IMPROPER 18534 18545 18537 18539 $FC -120.0
DIHEDRAL 18569 18572 18574 18576 $FC  0.0
IMPROPER 18659 18670 18662 18664 $FC -120.0
DIHEDRAL 18694 18697 18699 18701 $FC  0.0
IMPROPER 18769 18776 18774 18778 $FC  120.0
IMPROPER 18786 18797 18789 18791 $FC -120.0
DIHEDRAL 18821 18824 18826 18828 $FC  0.0
IMPROPER 18911 18922 18914 18916 $FC -120.0
DIHEDRAL 18946 18949 18951 18953 $FC  0.0
IMPROPER 19021 19028 19026 19030 $FC  120.0
IMPROPER 19038 19049 19041 19043 $FC -120.0
DIHEDRAL 19073 19076 19078 19080 $FC  0.0
IMPROPER 19163 19174 19166 19168 $FC -120.0
DIHEDRAL 19198 19201 19203 19205 $FC  0.0
IMPROPER 19288 19299 19291 19293 $FC -120.0
DIHEDRAL 19323 19326 19328 19330 $FC  0.0
IMPROPER 19413 19424 19416 19418 $FC -120.0
DIHEDRAL 19448 19451 19453 19455 $FC  0.0
IMPROPER 19538 19549 19541 19543 $FC -120.0
DIHEDRAL 19573 19576 19578 19580 $FC  0.0
IMPROPER 19663 19674 19666 19668 $FC -120.0
DIHEDRAL 19698 19701 19703 19705 $FC  0.0
IMPROPER 19773 19780 19778 19782 $FC  120.0
IMPROPER 19790 19801 19793 19795 $FC -120.0
DIHEDRAL 19825 19828 19830 19832 $FC  0.0
IMPROPER 19915 19926 19918 19920 $FC -120.0
DIHEDRAL 19950 19953 19955 19957 $FC  0.0
IMPROPER 20040 20051 20043 20045 $FC -120.0
DIHEDRAL 20075 20078 20080 20082 $FC  0.0
IMPROPER 20165 20176 20168 20170 $FC -120.0
DIHEDRAL 20200 20203 20205 20207 $FC  0.0
IMPROPER 20290 20301 20293 20295 $FC -120.0
DIHEDRAL 20325 20328 20330 20332 $FC  0.0
IMPROPER 20415 20426 20418 20420 $FC -120.0
DIHEDRAL 20450 20453 20455 20457 $FC  0.0
IMPROPER 20540 20551 20543 20545 $FC -120.0
DIHEDRAL 20575 20578 20580 20582 $FC  0.0
IMPROPER 20665 20676 20668 20670 $FC -120.0
DIHEDRAL 20700 20703 20705 20707 $FC  0.0
IMPROPER 20790 20801 20793 20795 $FC -120.0
DIHEDRAL 20825 20828 20830 20832 $FC  0.0
IMPROPER 20915 20926 20918 20920 $FC -120.0
DIHEDRAL 20950 20953 20955 20957 $FC  0.0
IMPROPER 21025 21032 21030 21034 $FC  120.0
IMPROPER 21042 21053 21045 21047 $FC -120.0
DIHEDRAL 21077 21080 21082 21084 $FC  0.0
IMPROPER 21167 21178 21170 21172 $FC -120.0
DIHEDRAL 21202 21205 21207 21209 $FC  0.0
IMPROPER 21292 21303 21295 21297 $FC -120.0
DIHEDRAL 21327 21330 21332 21334 $FC  0.0
IMPROPER 21402 21409 21407 21411 $FC  120.0
IMPROPER 21419 21430 21422 21424 $FC -120.0
DIHEDRAL 21454 21457 21459 21461 $FC  0.0
IMPROPER 21544 21555 21547 21549 $FC -120.0
DIHEDRAL 21579 21582 21584 21586 $FC  0.0
IMPROPER 21669 21680 21672 21674 $FC -120.0
DIHEDRAL 21704 21707 21709 21711 $FC  0.0
IMPROPER 21779 21786 21784 21788 $FC  120.0
IMPROPER 21796 21807 21799 21801 $FC -120.0
DIHEDRAL 21831 21834 21836 21838 $FC  0.0
IMPROPER 21921 21932 21924 21926 $FC -120.0
DIHEDRAL 21956 21959 21961 21963 $FC  0.0
IMPROPER 22046 22057 22049 22051 $FC -120.0
DIHEDRAL 22081 22084 22086 22088 $FC  0.0
IMPROPER 22171 22182 22174 22176 $FC -120.0
DIHEDRAL 22206 22209 22211 22213 $FC  0.0
IMPROPER 22296 22307 22299 22301 $FC -120.0
DIHEDRAL 22331 22334 22336 22338 $FC  0.0
IMPROPER 22406 22413 22411 22415 $FC  120.0
IMPROPER 22423 22434 22426 22428 $FC -120.0
DIHEDRAL 22458 22461 22463 22465 $FC  0.0
IMPROPER 22548 22559 22551 22553 $FC -120.0
DIHEDRAL 22583 22586 22588 22590 $FC  0.0
IMPROPER 22673 22684 22676 22678 $FC -120.0
DIHEDRAL 22708 22711 22713 22715 $FC  0.0
IMPROPER 22798 22809 22801 22803 $FC -120.0
DIHEDRAL 22833 22836 22838 22840 $FC  0.0
IMPROPER 22923 22934 22926 22928 $FC -120.0
DIHEDRAL 22958 22961 22963 22965 $FC  0.0
IMPROPER 23048 23059 23051 23053 $FC -120.0
DIHEDRAL 23083 23086 23088 23090 $FC  0.0
IMPROPER 23173 23184 23176 23178 $FC -120.0
DIHEDRAL 23208 23211 23213 23215 $FC  0.0
IMPROPER 23298 23309 23301 23303 $FC -120.0
DIHEDRAL 23333 23336 23338 23340 $FC  0.0
IMPROPER 23423 23434 23426 23428 $FC -120.0
DIHEDRAL 23458 23461 23463 23465 $FC  0.0
IMPROPER 23548 23559 23551 23553 $FC -120.0
DIHEDRAL 23583 23586 23588 23590 $FC  0.0
IMPROPER 23673 23684 23676 23678 $FC -120.0
DIHEDRAL 23708 23711 23713 23715 $FC  0.0
IMPROPER 23783 23790 23788 23792 $FC  120.0
IMPROPER 23800 23811 23803 23805 $FC -120.0
DIHEDRAL 23835 23838 23840 23842 $FC  0.0
IMPROPER 23925 23936 23928 23930 $FC -120.0
DIHEDRAL 23960 23963 23965 23967 $FC  0.0
IMPROPER 24050 24061 24053 24055 $FC -120.0
DIHEDRAL 24085 24088 24090 24092 $FC  0.0
IMPROPER 24160 24167 24165 24169 $FC  120.0
IMPROPER 24177 24188 24180 24182 $FC -120.0
DIHEDRAL 24212 24215 24217 24219 $FC  0.0
IMPROPER 24302 24313 24305 24307 $FC -120.0
DIHEDRAL 24337 24340 24342 24344 $FC  0.0
IMPROPER 24427 24438 24430 24432 $FC -120.0
DIHEDRAL 24462 24465 24467 24469 $FC  0.0
IMPROPER 24552 24563 24555 24557 $FC -120.0
DIHEDRAL 24587 24590 24592 24594 $FC  0.0
IMPROPER 24677 24688 24680 24682 $FC -120.0
DIHEDRAL 24712 24715 24717 24719 $FC  0.0
IMPROPER 24802 24813 24805 24807 $FC -120.0
DIHEDRAL 24837 24840 24842 24844 $FC  0.0
IMPROPER 24927 24938 24930 24932 $FC -120.0
DIHEDRAL 24962 24965 24967 24969 $FC  0.0
IMPROPER 25052 25063 25055 25057 $FC -120.0
DIHEDRAL 25087 25090 25092 25094 $FC  0.0
IMPROPER 25177 25188 25180 25182 $FC -120.0
DIHEDRAL 25212 25215 25217 25219 $FC  0.0
IMPROPER 25302 25313 25305 25307 $FC -120.0
DIHEDRAL 25337 25340 25342 25344 $FC  0.0
IMPROPER 25427 25438 25430 25432 $FC -120.0
DIHEDRAL 25462 25465 25467 25469 $FC  0.0
IMPROPER 25552 25563 25555 25557 $FC -120.0
DIHEDRAL 25587 25590 25592 25594 $FC  0.0
IMPROPER 25677 25688 25680 25682 $FC -120.0
DIHEDRAL 25712 25715 25717 25719 $FC  0.0
IMPROPER 25802 25813 25805 25807 $FC -120.0
DIHEDRAL 25837 25840 25842 25844 $FC  0.0
IMPROPER 25927 25938 25930 25932 $FC -120.0
DIHEDRAL 25962 25965 25967 25969 $FC  0.0
IMPROPER 26052 26063 26055 26057 $FC -120.0
DIHEDRAL 26087 26090 26092 26094 $FC  0.0
IMPROPER 26162 26169 26167 26171 $FC  120.0
IMPROPER 26179 26190 26182 26184 $FC -120.0
DIHEDRAL 26214 26217 26219 26221 $FC  0.0
IMPROPER 26304 26315 26307 26309 $FC -120.0
DIHEDRAL 26339 26342 26344 26346 $FC  0.0
IMPROPER 26429 26440 26432 26434 $FC -120.0
DIHEDRAL 26464 26467 26469 26471 $FC  0.0
IMPROPER 26539 26546 26544 26548 $FC  120.0
IMPROPER 26556 26567 26559 26561 $FC -120.0
DIHEDRAL 26591 26594 26596 26598 $FC  0.0
IMPROPER 26681 26692 26684 26686 $FC -120.0
DIHEDRAL 26716 26719 26721 26723 $FC  0.0
IMPROPER 26806 26817 26809 26811 $FC -120.0
DIHEDRAL 26841 26844 26846 26848 $FC  0.0
IMPROPER 26931 26942 26934 26936 $FC -120.0
DIHEDRAL 26966 26969 26971 26973 $FC  0.0
IMPROPER 27056 27067 27059 27061 $FC -120.0
DIHEDRAL 27091 27094 27096 27098 $FC  0.0
IMPROPER 27181 27192 27184 27186 $FC -120.0
DIHEDRAL 27216 27219 27221 27223 $FC  0.0
IMPROPER 27306 27317 27309 27311 $FC -120.0
DIHEDRAL 27341 27344 27346 27348 $FC  0.0
IMPROPER 27431 27442 27434 27436 $FC -120.0
DIHEDRAL 27466 27469 27471 27473 $FC  0.0
IMPROPER 27541 27548 27546 27550 $FC  120.0
IMPROPER 27558 27569 27561 27563 $FC -120.0
DIHEDRAL 27593 27596 27598 27600 $FC  0.0
IMPROPER 27683 27694 27686 27688 $FC -120.0
DIHEDRAL 27718 27721 27723 27725 $FC  0.0
IMPROPER 27808 27819 27811 27813 $FC -120.0
DIHEDRAL 27843 27846 27848 27850 $FC  0.0
IMPROPER 27933 27944 27936 27938 $FC -120.0
DIHEDRAL 27968 27971 27973 27975 $FC  0.0
IMPROPER 28058 28069 28061 28063 $FC -120.0
DIHEDRAL 28093 28096 28098 28100 $FC  0.0
IMPROPER 28183 28194 28186 28188 $FC -120.0
DIHEDRAL 28218 28221 28223 28225 $FC  0.0
IMPROPER 28308 28319 28311 28313 $FC -120.0
DIHEDRAL 28343 28346 28348 28350 $FC  0.0
IMPROPER 28433 28444 28436 28438 $FC -120.0
DIHEDRAL 28468 28471 28473 28475 $FC  0.0
IMPROPER 28558 28569 28561 28563 $FC -120.0
DIHEDRAL 28593 28596 28598 28600 $FC  0.0
IMPROPER 28683 28694 28686 28688 $FC -120.0
DIHEDRAL 28718 28721 28723 28725 $FC  0.0
IMPROPER 28808 28819 28811 28813 $FC -120.0
DIHEDRAL 28843 28846 28848 28850 $FC  0.0
IMPROPER 28933 28944 28936 28938 $FC -120.0
DIHEDRAL 28968 28971 28973 28975 $FC  0.0
IMPROPER 29043 29050 29048 29052 $FC  120.0
IMPROPER 29060 29071 29063 29065 $FC -120.0
DIHEDRAL 29095 29098 29100 29102 $FC  0.0
IMPROPER 29185 29196 29188 29190 $FC -120.0
DIHEDRAL 29220 29223 29225 29227 $FC  0.0
IMPROPER 29310 29321 29313 29315 $FC -120.0
DIHEDRAL 29345 29348 29350 29352 $FC  0.0
IMPROPER 29435 29446 29438 29440 $FC -120.0
DIHEDRAL 29470 29473 29475 29477 $FC  0.0
IMPROPER 29560 29571 29563 29565 $FC -120.0
DIHEDRAL 29595 29598 29600 29602 $FC  0.0
IMPROPER 29685 29696 29688 29690 $FC -120.0
DIHEDRAL 29720 29723 29725 29727 $FC  0.0
IMPROPER 29795 29802 29800 29804 $FC  120.0
IMPROPER 29812 29823 29815 29817 $FC -120.0
DIHEDRAL 29847 29850 29852 29854 $FC  0.0
IMPROPER 29922 29929 29927 29931 $FC  120.0
IMPROPER 29939 29950 29942 29944 $FC -120.0
DIHEDRAL 29974 29977 29979 29981 $FC  0.0
IMPROPER 30064 30075 30067 30069 $FC -120.0
DIHEDRAL 30099 30102 30104 30106 $FC  0.0
IMPROPER 30189 30200 30192 30194 $FC -120.0
DIHEDRAL 30224 30227 30229 30231 $FC  0.0
IMPROPER 30299 30306 30304 30308 $FC  120.0
IMPROPER 30316 30327 30319 30321 $FC -120.0
DIHEDRAL 30351 30354 30356 30358 $FC  0.0
IMPROPER 30426 30433 30431 30435 $FC  120.0
IMPROPER 30443 30454 30446 30448 $FC -120.0
DIHEDRAL 30478 30481 30483 30485 $FC  0.0
IMPROPER 30568 30579 30571 30573 $FC -120.0
DIHEDRAL 30603 30606 30608 30610 $FC  0.0
IMPROPER 30678 30685 30683 30687 $FC  120.0
IMPROPER 30695 30706 30698 30700 $FC -120.0
DIHEDRAL 30730 30733 30735 30737 $FC  0.0
IMPROPER 30820 30831 30823 30825 $FC -120.0
DIHEDRAL 30855 30858 30860 30862 $FC  0.0
IMPROPER 30945 30956 30948 30950 $FC -120.0
DIHEDRAL 30980 30983 30985 30987 $FC  0.0
IMPROPER 31055 31062 31060 31064 $FC  120.0
IMPROPER 31072 31083 31075 31077 $FC -120.0
DIHEDRAL 31107 31110 31112 31114 $FC  0.0
IMPROPER 31197 31208 31200 31202 $FC -120.0
DIHEDRAL 31232 31235 31237 31239 $FC  0.0
IMPROPER 31322 31333 31325 31327 $FC -120.0
DIHEDRAL 31357 31360 31362 31364 $FC  0.0
IMPROPER 31447 31458 31450 31452 $FC -120.0
DIHEDRAL 31482 31485 31487 31489 $FC  0.0
IMPROPER 31572 31583 31575 31577 $FC -120.0
DIHEDRAL 31607 31610 31612 31614 $FC  0.0
IMPROPER 31697 31708 31700 31702 $FC -120.0
DIHEDRAL 31732 31735 31737 31739 $FC  0.0
IMPROPER 31822 31833 31825 31827 $FC -120.0
DIHEDRAL 31857 31860 31862 31864 $FC  0.0
IMPROPER 31947 31958 31950 31952 $FC -120.0
DIHEDRAL 31982 31985 31987 31989 $FC  0.0
IMPROPER 32072 32083 32075 32077 $FC -120.0
DIHEDRAL 32107 32110 32112 32114 $FC  0.0
IMPROPER 32182 32189 32187 32191 $FC  120.0
IMPROPER 32199 32210 32202 32204 $FC -120.0
DIHEDRAL 32234 32237 32239 32241 $FC  0.0
IMPROPER 32309 32316 32314 32318 $FC  120.0
IMPROPER 32326 32337 32329 32331 $FC -120.0
DIHEDRAL 32361 32364 32366 32368 $FC  0.0
IMPROPER 32451 32462 32454 32456 $FC -120.0
DIHEDRAL 32486 32489 32491 32493 $FC  0.0
IMPROPER 32576 32587 32579 32581 $FC -120.0
DIHEDRAL 32611 32614 32616 32618 $FC  0.0
IMPROPER 32686 32693 32691 32695 $FC  120.0
IMPROPER 32703 32714 32706 32708 $FC -120.0
DIHEDRAL 32738 32741 32743 32745 $FC  0.0
IMPROPER 32828 32839 32831 32833 $FC -120.0
DIHEDRAL 32863 32866 32868 32870 $FC  0.0
IMPROPER 32953 32964 32956 32958 $FC -120.0
DIHEDRAL 32988 32991 32993 32995 $FC  0.0
IMPROPER 33078 33089 33081 33083 $FC -120.0
DIHEDRAL 33113 33116 33118 33120 $FC  0.0
IMPROPER 33203 33214 33206 33208 $FC -120.0
DIHEDRAL 33238 33241 33243 33245 $FC  0.0
IMPROPER 33313 33320 33318 33322 $FC  120.0
IMPROPER 33330 33341 33333 33335 $FC -120.0
DIHEDRAL 33365 33368 33370 33372 $FC  0.0
IMPROPER 33455 33466 33458 33460 $FC -120.0
DIHEDRAL 33490 33493 33495 33497 $FC  0.0
IMPROPER 33580 33591 33583 33585 $FC -120.0
DIHEDRAL 33615 33618 33620 33622 $FC  0.0
IMPROPER 33690 33697 33695 33699 $FC  120.0
IMPROPER 33707 33718 33710 33712 $FC -120.0
DIHEDRAL 33742 33745 33747 33749 $FC  0.0
IMPROPER 33832 33843 33835 33837 $FC -120.0
DIHEDRAL 33867 33870 33872 33874 $FC  0.0
IMPROPER 33957 33968 33960 33962 $FC -120.0
DIHEDRAL 33992 33995 33997 33999 $FC  0.0
IMPROPER 34082 34093 34085 34087 $FC -120.0
DIHEDRAL 34117 34120 34122 34124 $FC  0.0
IMPROPER 34207 34218 34210 34212 $FC -120.0
DIHEDRAL 34242 34245 34247 34249 $FC  0.0
IMPROPER 34332 34343 34335 34337 $FC -120.0
DIHEDRAL 34367 34370 34372 34374 $FC  0.0
IMPROPER 34457 34468 34460 34462 $FC -120.0
DIHEDRAL 34492 34495 34497 34499 $FC  0.0
IMPROPER 34582 34593 34585 34587 $FC -120.0
DIHEDRAL 34617 34620 34622 34624 $FC  0.0
IMPROPER 34692 34699 34697 34701 $FC  120.0
IMPROPER 34709 34720 34712 34714 $FC -120.0
DIHEDRAL 34744 34747 34749 34751 $FC  0.0
IMPROPER 34834 34845 34837 34839 $FC -120.0
DIHEDRAL 34869 34872 34874 34876 $FC  0.0
IMPROPER 34959 34970 34962 34964 $FC -120.0
DIHEDRAL 34994 34997 34999 35001 $FC  0.0
IMPROPER 35069 35076 35074 35078 $FC  120.0
IMPROPER 35086 35097 35089 35091 $FC -120.0
DIHEDRAL 35121 35124 35126 35128 $FC  0.0
IMPROPER 35211 35222 35214 35216 $FC -120.0
DIHEDRAL 35246 35249 35251 35253 $FC  0.0
IMPROPER 35336 35347 35339 35341 $FC -120.0
DIHEDRAL 35371 35374 35376 35378 $FC  0.0
IMPROPER 35461 35472 35464 35466 $FC -120.0
DIHEDRAL 35496 35499 35501 35503 $FC  0.0
IMPROPER 35571 35578 35576 35580 $FC  120.0
IMPROPER 35588 35599 35591 35593 $FC -120.0
DIHEDRAL 35623 35626 35628 35630 $FC  0.0
IMPROPER 35713 35724 35716 35718 $FC -120.0
DIHEDRAL 35748 35751 35753 35755 $FC  0.0
IMPROPER 35838 35849 35841 35843 $FC -120.0
DIHEDRAL 35873 35876 35878 35880 $FC  0.0
IMPROPER 35948 35955 35953 35957 $FC  120.0
IMPROPER 35965 35976 35968 35970 $FC -120.0
DIHEDRAL 36000 36003 36005 36007 $FC  0.0
IMPROPER 36075 36082 36080 36084 $FC  120.0
IMPROPER 36092 36103 36095 36097 $FC -120.0
DIHEDRAL 36127 36130 36132 36134 $FC  0.0
IMPROPER 36217 36228 36220 36222 $FC -120.0
DIHEDRAL 36252 36255 36257 36259 $FC  0.0
IMPROPER 36342 36353 36345 36347 $FC -120.0
DIHEDRAL 36377 36380 36382 36384 $FC  0.0
IMPROPER 36467 36478 36470 36472 $FC -120.0
DIHEDRAL 36502 36505 36507 36509 $FC  0.0
IMPROPER 36592 36603 36595 36597 $FC -120.0
DIHEDRAL 36627 36630 36632 36634 $FC  0.0
IMPROPER 36702 36709 36707 36711 $FC  120.0
IMPROPER 36719 36730 36722 36724 $FC -120.0
DIHEDRAL 36754 36757 36759 36761 $FC  0.0
IMPROPER 36844 36855 36847 36849 $FC -120.0
DIHEDRAL 36879 36882 36884 36886 $FC  0.0
IMPROPER 36969 36980 36972 36974 $FC -120.0
DIHEDRAL 37004 37007 37009 37011 $FC  0.0
IMPROPER 37094 37105 37097 37099 $FC -120.0
DIHEDRAL 37129 37132 37134 37136 $FC  0.0
IMPROPER 37219 37230 37222 37224 $FC -120.0
DIHEDRAL 37254 37257 37259 37261 $FC  0.0
IMPROPER 37344 37355 37347 37349 $FC -120.0
DIHEDRAL 37379 37382 37384 37386 $FC  0.0
IMPROPER 37469 37480 37472 37474 $FC -120.0
DIHEDRAL 37504 37507 37509 37511 $FC  0.0
IMPROPER 37594 37605 37597 37599 $FC -120.0
DIHEDRAL 37629 37632 37634 37636 $FC  0.0
IMPROPER 37719 37730 37722 37724 $FC -120.0
DIHEDRAL 37754 37757 37759 37761 $FC  0.0
IMPROPER 37844 37855 37847 37849 $FC -120.0
DIHEDRAL 37879 37882 37884 37886 $FC  0.0
IMPROPER 37969 37980 37972 37974 $FC -120.0
DIHEDRAL 38004 38007 38009 38011 $FC  0.0
IMPROPER 38094 38105 38097 38099 $FC -120.0
DIHEDRAL 38129 38132 38134 38136 $FC  0.0
IMPROPER 38219 38230 38222 38224 $FC -120.0
DIHEDRAL 38254 38257 38259 38261 $FC  0.0
IMPROPER 38344 38355 38347 38349 $FC -120.0
DIHEDRAL 38379 38382 38384 38386 $FC  0.0
IMPROPER 38469 38480 38472 38474 $FC -120.0
DIHEDRAL 38504 38507 38509 38511 $FC  0.0
IMPROPER 38594 38605 38597 38599 $FC -120.0
DIHEDRAL 38629 38632 38634 38636 $FC  0.0
IMPROPER 38704 38711 38709 38713 $FC  120.0
IMPROPER 38721 38732 38724 38726 $FC -120.0
DIHEDRAL 38756 38759 38761 38763 $FC  0.0
IMPROPER 38846 38857 38849 38851 $FC -120.0
DIHEDRAL 38881 38884 38886 38888 $FC  0.0
IMPROPER 38956 38963 38961 38965 $FC  120.0
IMPROPER 38973 38984 38976 38978 $FC -120.0
DIHEDRAL 39008 39011 39013 39015 $FC  0.0
IMPROPER 39098 39109 39101 39103 $FC -120.0
DIHEDRAL 39133 39136 39138 39140 $FC  0.0
IMPROPER 39223 39234 39226 39228 $FC -120.0
DIHEDRAL 39258 39261 39263 39265 $FC  0.0
IMPROPER 39348 39359 39351 39353 $FC -120.0
DIHEDRAL 39383 39386 39388 39390 $FC  0.0
IMPROPER 39473 39484 39476 39478 $FC -120.0
DIHEDRAL 39508 39511 39513 39515 $FC  0.0
IMPROPER 39598 39609 39601 39603 $FC -120.0
DIHEDRAL 39633 39636 39638 39640 $FC  0.0
IMPROPER 39723 39734 39726 39728 $FC -120.0
DIHEDRAL 39758 39761 39763 39765 $FC  0.0
IMPROPER 39848 39859 39851 39853 $FC -120.0
DIHEDRAL 39883 39886 39888 39890 $FC  0.0
IMPROPER 39958 39965 39963 39967 $FC  120.0
IMPROPER 39975 39986 39978 39980 $FC -120.0
DIHEDRAL 40010 40013 40015 40017 $FC  0.0
IMPROPER 40085 40092 40090 40094 $FC  120.0
IMPROPER 40102 40113 40105 40107 $FC -120.0
DIHEDRAL 40137 40140 40142 40144 $FC  0.0
IMPROPER 40227 40238 40230 40232 $FC -120.0
DIHEDRAL 40262 40265 40267 40269 $FC  0.0
IMPROPER 40352 40363 40355 40357 $FC -120.0
DIHEDRAL 40387 40390 40392 40394 $FC  0.0
IMPROPER 40477 40488 40480 40482 $FC -120.0
DIHEDRAL 40512 40515 40517 40519 $FC  0.0
IMPROPER 40602 40613 40605 40607 $FC -120.0
DIHEDRAL 40637 40640 40642 40644 $FC  0.0
IMPROPER 40712 40719 40717 40721 $FC  120.0
IMPROPER 40729 40740 40732 40734 $FC -120.0
DIHEDRAL 40764 40767 40769 40771 $FC  0.0
IMPROPER 40839 40846 40844 40848 $FC  120.0
IMPROPER 40856 40867 40859 40861 $FC -120.0
DIHEDRAL 40891 40894 40896 40898 $FC  0.0
IMPROPER 40981 40992 40984 40986 $FC -120.0
DIHEDRAL 41016 41019 41021 41023 $FC  0.0
IMPROPER 41106 41117 41109 41111 $FC -120.0
DIHEDRAL 41141 41144 41146 41148 $FC  0.0
IMPROPER 41231 41242 41234 41236 $FC -120.0
DIHEDRAL 41266 41269 41271 41273 $FC  0.0
IMPROPER 41356 41367 41359 41361 $FC -120.0
DIHEDRAL 41391 41394 41396 41398 $FC  0.0
IMPROPER 41481 41492 41484 41486 $FC -120.0
DIHEDRAL 41516 41519 41521 41523 $FC  0.0
IMPROPER 41606 41617 41609 41611 $FC -120.0
DIHEDRAL 41641 41644 41646 41648 $FC  0.0
IMPROPER 41731 41742 41734 41736 $FC -120.0
DIHEDRAL 41766 41769 41771 41773 $FC  0.0
IMPROPER 41841 41848 41846 41850 $FC  120.0
IMPROPER 41858 41869 41861 41863 $FC -120.0
DIHEDRAL 41893 41896 41898 41900 $FC  0.0
IMPROPER 41983 41994 41986 41988 $FC -120.0
DIHEDRAL 42018 42021 42023 42025 $FC  0.0
IMPROPER 42108 42119 42111 42113 $FC -120.0
DIHEDRAL 42143 42146 42148 42150 $FC  0.0
IMPROPER 42233 42244 42236 42238 $FC -120.0
DIHEDRAL 42268 42271 42273 42275 $FC  0.0
IMPROPER 42343 42350 42348 42352 $FC  120.0
IMPROPER 42360 42371 42363 42365 $FC -120.0
DIHEDRAL 42395 42398 42400 42402 $FC  0.0
IMPROPER 42485 42496 42488 42490 $FC -120.0
DIHEDRAL 42520 42523 42525 42527 $FC  0.0
IMPROPER 42610 42621 42613 42615 $FC -120.0
DIHEDRAL 42645 42648 42650 42652 $FC  0.0
IMPROPER 42735 42746 42738 42740 $FC -120.0
DIHEDRAL 42770 42773 42775 42777 $FC  0.0
IMPROPER 42860 42871 42863 42865 $FC -120.0
DIHEDRAL 42895 42898 42900 42902 $FC  0.0
IMPROPER 42985 42996 42988 42990 $FC -120.0
DIHEDRAL 43020 43023 43025 43027 $FC  0.0
IMPROPER 43110 43121 43113 43115 $FC -120.0
DIHEDRAL 43145 43148 43150 43152 $FC  0.0
IMPROPER 43235 43246 43238 43240 $FC -120.0
DIHEDRAL 43270 43273 43275 43277 $FC  0.0
IMPROPER 43360 43371 43363 43365 $FC -120.0
DIHEDRAL 43395 43398 43400 43402 $FC  0.0
IMPROPER 43470 43477 43475 43479 $FC  120.0
IMPROPER 43487 43498 43490 43492 $FC -120.0
DIHEDRAL 43522 43525 43527 43529 $FC  0.0
IMPROPER 43597 43604 43602 43606 $FC  120.0
IMPROPER 43614 43625 43617 43619 $FC -120.0
DIHEDRAL 43649 43652 43654 43656 $FC  0.0
IMPROPER 43739 43750 43742 43744 $FC -120.0
DIHEDRAL 43774 43777 43779 43781 $FC  0.0
IMPROPER 43849 43856 43854 43858 $FC  120.0
IMPROPER 43866 43877 43869 43871 $FC -120.0
DIHEDRAL 43901 43904 43906 43908 $FC  0.0
IMPROPER 43976 43983 43981 43985 $FC  120.0
IMPROPER 43993 44004 43996 43998 $FC -120.0
DIHEDRAL 44028 44031 44033 44035 $FC  0.0
IMPROPER 44118 44129 44121 44123 $FC -120.0
DIHEDRAL 44153 44156 44158 44160 $FC  0.0
IMPROPER 44243 44254 44246 44248 $FC -120.0
DIHEDRAL 44278 44281 44283 44285 $FC  0.0
IMPROPER 44353 44360 44358 44362 $FC  120.0
IMPROPER 44370 44381 44373 44375 $FC -120.0
DIHEDRAL 44405 44408 44410 44412 $FC  0.0
IMPROPER 44495 44506 44498 44500 $FC -120.0
DIHEDRAL 44530 44533 44535 44537 $FC  0.0
IMPROPER 44620 44631 44623 44625 $FC -120.0
DIHEDRAL 44655 44658 44660 44662 $FC  0.0
IMPROPER 44745 44756 44748 44750 $FC -120.0
DIHEDRAL 44780 44783 44785 44787 $FC  0.0
IMPROPER 44870 44881 44873 44875 $FC -120.0
DIHEDRAL 44905 44908 44910 44912 $FC  0.0
IMPROPER 44995 45006 44998 45000 $FC -120.0
DIHEDRAL 45030 45033 45035 45037 $FC  0.0
IMPROPER 45120 45131 45123 45125 $FC -120.0
DIHEDRAL 45155 45158 45160 45162 $FC  0.0
IMPROPER 45245 45256 45248 45250 $FC -120.0
DIHEDRAL 45280 45283 45285 45287 $FC  0.0
IMPROPER 45370 45381 45373 45375 $FC -120.0
DIHEDRAL 45405 45408 45410 45412 $FC  0.0
IMPROPER 45495 45506 45498 45500 $FC -120.0
DIHEDRAL 45530 45533 45535 45537 $FC  0.0
IMPROPER 45620 45631 45623 45625 $FC -120.0
DIHEDRAL 45655 45658 45660 45662 $FC  0.0
IMPROPER 45745 45756 45748 45750 $FC -120.0
DIHEDRAL 45780 45783 45785 45787 $FC  0.0
IMPROPER 45870 45881 45873 45875 $FC -120.0
DIHEDRAL 45905 45908 45910 45912 $FC  0.0
IMPROPER 45995 46006 45998 46000 $FC -120.0
DIHEDRAL 46030 46033 46035 46037 $FC  0.0
IMPROPER 46120 46131 46123 46125 $FC -120.0
DIHEDRAL 46155 46158 46160 46162 $FC  0.0
IMPROPER 46245 46256 46248 46250 $FC -120.0
DIHEDRAL 46280 46283 46285 46287 $FC  0.0
IMPROPER 46370 46381 46373 46375 $FC -120.0
DIHEDRAL 46405 46408 46410 46412 $FC  0.0
IMPROPER 46495 46506 46498 46500 $FC -120.0
DIHEDRAL 46530 46533 46535 46537 $FC  0.0
IMPROPER 46605 46612 46610 46614 $FC  120.0
IMPROPER 46622 46633 46625 46627 $FC -120.0
DIHEDRAL 46657 46660 46662 46664 $FC  0.0
IMPROPER 46747 46758 46750 46752 $FC -120.0
DIHEDRAL 46782 46785 46787 46789 $FC  0.0
IMPROPER 46872 46883 46875 46877 $FC -120.0
DIHEDRAL 46907 46910 46912 46914 $FC  0.0
IMPROPER 46997 47008 47000 47002 $FC -120.0
DIHEDRAL 47032 47035 47037 47039 $FC  0.0
IMPROPER 47122 47133 47125 47127 $FC -120.0
DIHEDRAL 47157 47160 47162 47164 $FC  0.0
IMPROPER 47232 47239 47237 47241 $FC  120.0
IMPROPER 47249 47260 47252 47254 $FC -120.0
DIHEDRAL 47284 47287 47289 47291 $FC  0.0
IMPROPER 47374 47385 47377 47379 $FC -120.0
DIHEDRAL 47409 47412 47414 47416 $FC  0.0
IMPROPER 47499 47510 47502 47504 $FC -120.0
DIHEDRAL 47534 47537 47539 47541 $FC  0.0
IMPROPER 47609 47616 47614 47618 $FC  120.0
IMPROPER 47626 47637 47629 47631 $FC -120.0
DIHEDRAL 47661 47664 47666 47668 $FC  0.0
IMPROPER 47751 47762 47754 47756 $FC -120.0
DIHEDRAL 47786 47789 47791 47793 $FC  0.0
IMPROPER 47876 47887 47879 47881 $FC -120.0
DIHEDRAL 47911 47914 47916 47918 $FC  0.0
IMPROPER 48001 48012 48004 48006 $FC -120.0
DIHEDRAL 48036 48039 48041 48043 $FC  0.0
IMPROPER 48126 48137 48129 48131 $FC -120.0
DIHEDRAL 48161 48164 48166 48168 $FC  0.0
IMPROPER 48251 48262 48254 48256 $FC -120.0
DIHEDRAL 48286 48289 48291 48293 $FC  0.0
IMPROPER 48376 48387 48379 48381 $FC -120.0
DIHEDRAL 48411 48414 48416 48418 $FC  0.0
IMPROPER 48501 48512 48504 48506 $FC -120.0
DIHEDRAL 48536 48539 48541 48543 $FC  0.0
IMPROPER 48626 48637 48629 48631 $FC -120.0
DIHEDRAL 48661 48664 48666 48668 $FC  0.0
IMPROPER 48751 48762 48754 48756 $FC -120.0
DIHEDRAL 48786 48789 48791 48793 $FC  0.0
IMPROPER 48876 48887 48879 48881 $FC -120.0
DIHEDRAL 48911 48914 48916 48918 $FC  0.0
IMPROPER 49001 49012 49004 49006 $FC -120.0
DIHEDRAL 49036 49039 49041 49043 $FC  0.0
IMPROPER 49126 49137 49129 49131 $FC -120.0
DIHEDRAL 49161 49164 49166 49168 $FC  0.0
IMPROPER 49251 49262 49254 49256 $FC -120.0
DIHEDRAL 49286 49289 49291 49293 $FC  0.0
IMPROPER 49376 49387 49379 49381 $FC -120.0
DIHEDRAL 49411 49414 49416 49418 $FC  0.0
IMPROPER 49501 49512 49504 49506 $FC -120.0
DIHEDRAL 49536 49539 49541 49543 $FC  0.0
IMPROPER 49626 49637 49629 49631 $FC -120.0
DIHEDRAL 49661 49664 49666 49668 $FC  0.0
IMPROPER 49736 49743 49741 49745 $FC  120.0
IMPROPER 49753 49764 49756 49758 $FC -120.0
DIHEDRAL 49788 49791 49793 49795 $FC  0.0
IMPROPER 49878 49889 49881 49883 $FC -120.0
DIHEDRAL 49913 49916 49918 49920 $FC  0.0
IMPROPER 50003 50014 50006 50008 $FC -120.0
DIHEDRAL 50038 50041 50043 50045 $FC  0.0
IMPROPER 50113 50120 50118 50122 $FC  120.0
IMPROPER 50130 50141 50133 50135 $FC -120.0
DIHEDRAL 50165 50168 50170 50172 $FC  0.0
IMPROPER 50255 50266 50258 50260 $FC -120.0
DIHEDRAL 50290 50293 50295 50297 $FC  0.0
IMPROPER 50365 50372 50370 50374 $FC  120.0
IMPROPER 50382 50393 50385 50387 $FC -120.0
DIHEDRAL 50417 50420 50422 50424 $FC  0.0
IMPROPER 50507 50518 50510 50512 $FC -120.0
DIHEDRAL 50542 50545 50547 50549 $FC  0.0
IMPROPER 50632 50643 50635 50637 $FC -120.0
DIHEDRAL 50667 50670 50672 50674 $FC  0.0
IMPROPER 50757 50768 50760 50762 $FC -120.0
DIHEDRAL 50792 50795 50797 50799 $FC  0.0
IMPROPER 50882 50893 50885 50887 $FC -120.0
DIHEDRAL 50917 50920 50922 50924 $FC  0.0
IMPROPER 51007 51018 51010 51012 $FC -120.0
DIHEDRAL 51042 51045 51047 51049 $FC  0.0
IMPROPER 51132 51143 51135 51137 $FC -120.0
DIHEDRAL 51167 51170 51172 51174 $FC  0.0
IMPROPER 51242 51249 51247 51251 $FC  120.0
IMPROPER 51259 51270 51262 51264 $FC -120.0
DIHEDRAL 51294 51297 51299 51301 $FC  0.0
IMPROPER 51369 51376 51374 51378 $FC  120.0
IMPROPER 51386 51397 51389 51391 $FC -120.0
DIHEDRAL 51421 51424 51426 51428 $FC  0.0
IMPROPER 51511 51522 51514 51516 $FC -120.0
DIHEDRAL 51546 51549 51551 51553 $FC  0.0
IMPROPER 51636 51647 51639 51641 $FC -120.0
DIHEDRAL 51671 51674 51676 51678 $FC  0.0
IMPROPER 51761 51772 51764 51766 $FC -120.0
DIHEDRAL 51796 51799 51801 51803 $FC  0.0
IMPROPER 51886 51897 51889 51891 $FC -120.0
DIHEDRAL 51921 51924 51926 51928 $FC  0.0
IMPROPER 52011 52022 52014 52016 $FC -120.0
DIHEDRAL 52046 52049 52051 52053 $FC  0.0
IMPROPER 52136 52147 52139 52141 $FC -120.0
DIHEDRAL 52171 52174 52176 52178 $FC  0.0
IMPROPER 52261 52272 52264 52266 $FC -120.0
DIHEDRAL 52296 52299 52301 52303 $FC  0.0
IMPROPER 52386 52397 52389 52391 $FC -120.0
DIHEDRAL 52421 52424 52426 52428 $FC  0.0
IMPROPER 52511 52522 52514 52516 $FC -120.0
DIHEDRAL 52546 52549 52551 52553 $FC  0.0
IMPROPER 52636 52647 52639 52641 $FC -120.0
DIHEDRAL 52671 52674 52676 52678 $FC  0.0
IMPROPER 52761 52772 52764 52766 $FC -120.0
DIHEDRAL 52796 52799 52801 52803 $FC  0.0
IMPROPER 52886 52897 52889 52891 $FC -120.0
DIHEDRAL 52921 52924 52926 52928 $FC  0.0
IMPROPER 53011 53022 53014 53016 $FC -120.0
DIHEDRAL 53046 53049 53051 53053 $FC  0.0
IMPROPER 53136 53147 53139 53141 $FC -120.0
DIHEDRAL 53171 53174 53176 53178 $FC  0.0
IMPROPER 53261 53272 53264 53266 $FC -120.0
DIHEDRAL 53296 53299 53301 53303 $FC  0.0
IMPROPER 53386 53397 53389 53391 $FC -120.0
DIHEDRAL 53421 53424 53426 53428 $FC  0.0
IMPROPER 53511 53522 53514 53516 $FC -120.0
DIHEDRAL 53546 53549 53551 53553 $FC  0.0
IMPROPER 53621 53628 53626 53630 $FC  120.0
IMPROPER 53638 53649 53641 53643 $FC -120.0
DIHEDRAL 53673 53676 53678 53680 $FC  0.0
IMPROPER 53763 53774 53766 53768 $FC -120.0
DIHEDRAL 53798 53801 53803 53805 $FC  0.0
IMPROPER 53888 53899 53891 53893 $FC -120.0
DIHEDRAL 53923 53926 53928 53930 $FC  0.0
IMPROPER 54013 54024 54016 54018 $FC -120.0
DIHEDRAL 54048 54051 54053 54055 $FC  0.0
IMPROPER 54138 54149 54141 54143 $FC -120.0
DIHEDRAL 54173 54176 54178 54180 $FC  0.0
IMPROPER 54263 54274 54266 54268 $FC -120.0
DIHEDRAL 54298 54301 54303 54305 $FC  0.0
IMPROPER 54388 54399 54391 54393 $FC -120.0
DIHEDRAL 54423 54426 54428 54430 $FC  0.0
IMPROPER 54513 54524 54516 54518 $FC -120.0
DIHEDRAL 54548 54551 54553 54555 $FC  0.0
IMPROPER 54638 54649 54641 54643 $FC -120.0
DIHEDRAL 54673 54676 54678 54680 $FC  0.0
IMPROPER 54748 54755 54753 54757 $FC  120.0
IMPROPER 54765 54776 54768 54770 $FC -120.0
DIHEDRAL 54800 54803 54805 54807 $FC  0.0
IMPROPER 54890 54901 54893 54895 $FC -120.0
DIHEDRAL 54925 54928 54930 54932 $FC  0.0
IMPROPER 55015 55026 55018 55020 $FC -120.0
DIHEDRAL 55050 55053 55055 55057 $FC  0.0
IMPROPER 55140 55151 55143 55145 $FC -120.0
DIHEDRAL 55175 55178 55180 55182 $FC  0.0
IMPROPER 55265 55276 55268 55270 $FC -120.0
DIHEDRAL 55300 55303 55305 55307 $FC  0.0
IMPROPER 55390 55401 55393 55395 $FC -120.0
DIHEDRAL 55425 55428 55430 55432 $FC  0.0
IMPROPER 55515 55526 55518 55520 $FC -120.0
DIHEDRAL 55550 55553 55555 55557 $FC  0.0
IMPROPER 55640 55651 55643 55645 $FC -120.0
DIHEDRAL 55675 55678 55680 55682 $FC  0.0
IMPROPER 55765 55776 55768 55770 $FC -120.0
DIHEDRAL 55800 55803 55805 55807 $FC  0.0
IMPROPER 55875 55882 55880 55884 $FC  120.0
IMPROPER 55892 55903 55895 55897 $FC -120.0
DIHEDRAL 55927 55930 55932 55934 $FC  0.0
IMPROPER 56017 56028 56020 56022 $FC -120.0
DIHEDRAL 56052 56055 56057 56059 $FC  0.0
IMPROPER 56142 56153 56145 56147 $FC -120.0
DIHEDRAL 56177 56180 56182 56184 $FC  0.0
IMPROPER 56267 56278 56270 56272 $FC -120.0
DIHEDRAL 56302 56305 56307 56309 $FC  0.0
IMPROPER 56392 56403 56395 56397 $FC -120.0
DIHEDRAL 56427 56430 56432 56434 $FC  0.0
IMPROPER 56517 56528 56520 56522 $FC -120.0
DIHEDRAL 56552 56555 56557 56559 $FC  0.0
IMPROPER 56642 56653 56645 56647 $FC -120.0
DIHEDRAL 56677 56680 56682 56684 $FC  0.0
IMPROPER 56767 56778 56770 56772 $FC -120.0
DIHEDRAL 56802 56805 56807 56809 $FC  0.0
IMPROPER 56892 56903 56895 56897 $FC -120.0
DIHEDRAL 56927 56930 56932 56934 $FC  0.0
IMPROPER 57017 57028 57020 57022 $FC -120.0
DIHEDRAL 57052 57055 57057 57059 $FC  0.0
IMPROPER 57142 57153 57145 57147 $FC -120.0
DIHEDRAL 57177 57180 57182 57184 $FC  0.0
IMPROPER 57267 57278 57270 57272 $FC -120.0
DIHEDRAL 57302 57305 57307 57309 $FC  0.0
IMPROPER 57392 57403 57395 57397 $FC -120.0
DIHEDRAL 57427 57430 57432 57434 $FC  0.0
IMPROPER 57517 57528 57520 57522 $FC -120.0
DIHEDRAL 57552 57555 57557 57559 $FC  0.0
IMPROPER 57627 57634 57632 57636 $FC  120.0
IMPROPER 57644 57655 57647 57649 $FC -120.0
DIHEDRAL 57679 57682 57684 57686 $FC  0.0
IMPROPER 57769 57780 57772 57774 $FC -120.0
DIHEDRAL 57804 57807 57809 57811 $FC  0.0
IMPROPER 57894 57905 57897 57899 $FC -120.0
DIHEDRAL 57929 57932 57934 57936 $FC  0.0
IMPROPER 58019 58030 58022 58024 $FC -120.0
DIHEDRAL 58054 58057 58059 58061 $FC  0.0
IMPROPER 58144 58155 58147 58149 $FC -120.0
DIHEDRAL 58179 58182 58184 58186 $FC  0.0
IMPROPER 58269 58280 58272 58274 $FC -120.0
DIHEDRAL 58304 58307 58309 58311 $FC  0.0
IMPROPER 58394 58405 58397 58399 $FC -120.0
DIHEDRAL 58429 58432 58434 58436 $FC  0.0
IMPROPER 58519 58530 58522 58524 $FC -120.0
DIHEDRAL 58554 58557 58559 58561 $FC  0.0
