IMPROPER 8993 9000 8998 9002 $FC  120.0
IMPROPER 9010 9021 9013 9015 $FC -120.0
DIHEDRAL 9045 9048 9050 9052 $FC  0.0
IMPROPER 9135 9146 9138 9140 $FC -120.0
DIHEDRAL 9170 9173 9175 9177 $FC  0.0
IMPROPER 9260 9271 9263 9265 $FC -120.0
DIHEDRAL 9295 9298 9300 9302 $FC  0.0
IMPROPER 9385 9396 9388 9390 $FC -120.0
DIHEDRAL 9420 9423 9425 9427 $FC  0.0
IMPROPER 9510 9521 9513 9515 $FC -120.0
DIHEDRAL 9545 9548 9550 9552 $FC  0.0
IMPROPER 9635 9646 9638 9640 $FC -120.0
DIHEDRAL 9670 9673 9675 9677 $FC  0.0
IMPROPER 9745 9752 9750 9754 $FC  120.0
IMPROPER 9762 9773 9765 9767 $FC -120.0
DIHEDRAL 9797 9800 9802 9804 $FC  0.0
IMPROPER 9887 9898 9890 9892 $FC -120.0
DIHEDRAL 9922 9925 9927 9929 $FC  0.0
IMPROPER 10012 10023 10015 10017 $FC -120.0
DIHEDRAL 10047 10050 10052 10054 $FC  0.0
IMPROPER 10137 10148 10140 10142 $FC -120.0
DIHEDRAL 10172 10175 10177 10179 $FC  0.0
IMPROPER 10262 10273 10265 10267 $FC -120.0
DIHEDRAL 10297 10300 10302 10304 $FC  0.0
IMPROPER 10387 10398 10390 10392 $FC -120.0
DIHEDRAL 10422 10425 10427 10429 $FC  0.0
IMPROPER 10512 10523 10515 10517 $FC -120.0
DIHEDRAL 10547 10550 10552 10554 $FC  0.0
IMPROPER 10637 10648 10640 10642 $FC -120.0
DIHEDRAL 10672 10675 10677 10679 $FC  0.0
IMPROPER 10762 10773 10765 10767 $FC -120.0
DIHEDRAL 10797 10800 10802 10804 $FC  0.0
IMPROPER 10887 10898 10890 10892 $FC -120.0
DIHEDRAL 10922 10925 10927 10929 $FC  0.0
IMPROPER 11012 11023 11015 11017 $FC -120.0
DIHEDRAL 11047 11050 11052 11054 $FC  0.0
IMPROPER 11137 11148 11140 11142 $FC -120.0
DIHEDRAL 11172 11175 11177 11179 $FC  0.0
IMPROPER 11262 11273 11265 11267 $FC -120.0
DIHEDRAL 11297 11300 11302 11304 $FC  0.0
IMPROPER 11387 11398 11390 11392 $FC -120.0
DIHEDRAL 11422 11425 11427 11429 $FC  0.0
IMPROPER 11512 11523 11515 11517 $FC -120.0
DIHEDRAL 11547 11550 11552 11554 $FC  0.0
IMPROPER 11637 11648 11640 11642 $FC -120.0
DIHEDRAL 11672 11675 11677 11679 $FC  0.0
IMPROPER 11762 11773 11765 11767 $FC -120.0
DIHEDRAL 11797 11800 11802 11804 $FC  0.0
IMPROPER 11887 11898 11890 11892 $FC -120.0
DIHEDRAL 11922 11925 11927 11929 $FC  0.0
IMPROPER 12012 12023 12015 12017 $FC -120.0
DIHEDRAL 12047 12050 12052 12054 $FC  0.0
IMPROPER 12137 12148 12140 12142 $FC -120.0
DIHEDRAL 12172 12175 12177 12179 $FC  0.0
IMPROPER 12247 12254 12252 12256 $FC  120.0
IMPROPER 12264 12275 12267 12269 $FC -120.0
DIHEDRAL 12299 12302 12304 12306 $FC  0.0
IMPROPER 12389 12400 12392 12394 $FC -120.0
DIHEDRAL 12424 12427 12429 12431 $FC  0.0
IMPROPER 12514 12525 12517 12519 $FC -120.0
DIHEDRAL 12549 12552 12554 12556 $FC  0.0
IMPROPER 12639 12650 12642 12644 $FC -120.0
DIHEDRAL 12674 12677 12679 12681 $FC  0.0
IMPROPER 12764 12775 12767 12769 $FC -120.0
DIHEDRAL 12799 12802 12804 12806 $FC  0.0
IMPROPER 12874 12881 12879 12883 $FC  120.0
IMPROPER 12891 12902 12894 12896 $FC -120.0
DIHEDRAL 12926 12929 12931 12933 $FC  0.0
IMPROPER 13016 13027 13019 13021 $FC -120.0
DIHEDRAL 13051 13054 13056 13058 $FC  0.0
IMPROPER 13126 13133 13131 13135 $FC  120.0
IMPROPER 13143 13154 13146 13148 $FC -120.0
DIHEDRAL 13178 13181 13183 13185 $FC  0.0
IMPROPER 13268 13279 13271 13273 $FC -120.0
DIHEDRAL 13303 13306 13308 13310 $FC  0.0
IMPROPER 13393 13404 13396 13398 $FC -120.0
DIHEDRAL 13428 13431 13433 13435 $FC  0.0
IMPROPER 13518 13529 13521 13523 $FC -120.0
DIHEDRAL 13553 13556 13558 13560 $FC  0.0
IMPROPER 13643 13654 13646 13648 $FC -120.0
DIHEDRAL 13678 13681 13683 13685 $FC  0.0
IMPROPER 13768 13779 13771 13773 $FC -120.0
DIHEDRAL 13803 13806 13808 13810 $FC  0.0
IMPROPER 13893 13904 13896 13898 $FC -120.0
DIHEDRAL 13928 13931 13933 13935 $FC  0.0
IMPROPER 14018 14029 14021 14023 $FC -120.0
DIHEDRAL 14053 14056 14058 14060 $FC  0.0
IMPROPER 14128 14135 14133 14137 $FC  120.0
IMPROPER 14145 14156 14148 14150 $FC -120.0
DIHEDRAL 14180 14183 14185 14187 $FC  0.0
IMPROPER 14270 14281 14273 14275 $FC -120.0
DIHEDRAL 14305 14308 14310 14312 $FC  0.0
IMPROPER 14395 14406 14398 14400 $FC -120.0
DIHEDRAL 14430 14433 14435 14437 $FC  0.0
IMPROPER 14520 14531 14523 14525 $FC -120.0
DIHEDRAL 14555 14558 14560 14562 $FC  0.0
IMPROPER 14645 14656 14648 14650 $FC -120.0
DIHEDRAL 14680 14683 14685 14687 $FC  0.0
IMPROPER 14755 14762 14760 14764 $FC  120.0
IMPROPER 14772 14783 14775 14777 $FC -120.0
DIHEDRAL 14807 14810 14812 14814 $FC  0.0
IMPROPER 14882 14889 14887 14891 $FC  120.0
IMPROPER 14899 14910 14902 14904 $FC -120.0
DIHEDRAL 14934 14937 14939 14941 $FC  0.0
IMPROPER 15024 15035 15027 15029 $FC -120.0
DIHEDRAL 15059 15062 15064 15066 $FC  0.0
IMPROPER 15149 15160 15152 15154 $FC -120.0
DIHEDRAL 15184 15187 15189 15191 $FC  0.0
IMPROPER 15274 15285 15277 15279 $FC -120.0
DIHEDRAL 15309 15312 15314 15316 $FC  0.0
IMPROPER 15399 15410 15402 15404 $FC -120.0
DIHEDRAL 15434 15437 15439 15441 $FC  0.0
IMPROPER 15524 15535 15527 15529 $FC -120.0
DIHEDRAL 15559 15562 15564 15566 $FC  0.0
IMPROPER 15649 15660 15652 15654 $FC -120.0
DIHEDRAL 15684 15687 15689 15691 $FC  0.0
IMPROPER 15774 15785 15777 15779 $FC -120.0
DIHEDRAL 15809 15812 15814 15816 $FC  0.0
IMPROPER 15884 15891 15889 15893 $FC  120.0
IMPROPER 15901 15912 15904 15906 $FC -120.0
DIHEDRAL 15936 15939 15941 15943 $FC  0.0
IMPROPER 16026 16037 16029 16031 $FC -120.0
DIHEDRAL 16061 16064 16066 16068 $FC  0.0
IMPROPER 16151 16162 16154 16156 $FC -120.0
DIHEDRAL 16186 16189 16191 16193 $FC  0.0
IMPROPER 16276 16287 16279 16281 $FC -120.0
DIHEDRAL 16311 16314 16316 16318 $FC  0.0
IMPROPER 16401 16412 16404 16406 $FC -120.0
DIHEDRAL 16436 16439 16441 16443 $FC  0.0
IMPROPER 16526 16537 16529 16531 $FC -120.0
DIHEDRAL 16561 16564 16566 16568 $FC  0.0
IMPROPER 16651 16662 16654 16656 $FC -120.0
DIHEDRAL 16686 16689 16691 16693 $FC  0.0
IMPROPER 16776 16787 16779 16781 $FC -120.0
DIHEDRAL 16811 16814 16816 16818 $FC  0.0
IMPROPER 16901 16912 16904 16906 $FC -120.0
DIHEDRAL 16936 16939 16941 16943 $FC  0.0
IMPROPER 17011 17018 17016 17020 $FC  120.0
IMPROPER 17028 17039 17031 17033 $FC -120.0
DIHEDRAL 17063 17066 17068 17070 $FC  0.0
IMPROPER 17138 17145 17143 17147 $FC  120.0
IMPROPER 17155 17166 17158 17160 $FC -120.0
DIHEDRAL 17190 17193 17195 17197 $FC  0.0
IMPROPER 17280 17291 17283 17285 $FC -120.0
DIHEDRAL 17315 17318 17320 17322 $FC  0.0
IMPROPER 17405 17416 17408 17410 $FC -120.0
DIHEDRAL 17440 17443 17445 17447 $FC  0.0
IMPROPER 17515 17522 17520 17524 $FC  120.0
IMPROPER 17532 17543 17535 17537 $FC -120.0
DIHEDRAL 17567 17570 17572 17574 $FC  0.0
IMPROPER 17657 17668 17660 17662 $FC -120.0
DIHEDRAL 17692 17695 17697 17699 $FC  0.0
IMPROPER 17782 17793 17785 17787 $FC -120.0
DIHEDRAL 17817 17820 17822 17824 $FC  0.0
IMPROPER 17907 17918 17910 17912 $FC -120.0
DIHEDRAL 17942 17945 17947 17949 $FC  0.0
IMPROPER 18032 18043 18035 18037 $FC -120.0
DIHEDRAL 18067 18070 18072 18074 $FC  0.0
IMPROPER 18157 18168 18160 18162 $FC -120.0
DIHEDRAL 18192 18195 18197 18199 $FC  0.0
IMPROPER 18267 18274 18272 18276 $FC  120.0
IMPROPER 18284 18295 18287 18289 $FC -120.0
DIHEDRAL 18319 18322 18324 18326 $FC  0.0
IMPROPER 18409 18420 18412 18414 $FC -120.0
DIHEDRAL 18444 18447 18449 18451 $FC  0.0
IMPROPER 18534 18545 18537 18539 $FC -120.0
DIHEDRAL 18569 18572 18574 18576 $FC  0.0
IMPROPER 18659 18670 18662 18664 $FC -120.0
DIHEDRAL 18694 18697 18699 18701 $FC  0.0
IMPROPER 18784 18795 18787 18789 $FC -120.0
DIHEDRAL 18819 18822 18824 18826 $FC  0.0
IMPROPER 18909 18920 18912 18914 $FC -120.0
DIHEDRAL 18944 18947 18949 18951 $FC  0.0
IMPROPER 19034 19045 19037 19039 $FC -120.0
DIHEDRAL 19069 19072 19074 19076 $FC  0.0
IMPROPER 19159 19170 19162 19164 $FC -120.0
DIHEDRAL 19194 19197 19199 19201 $FC  0.0
IMPROPER 19284 19295 19287 19289 $FC -120.0
DIHEDRAL 19319 19322 19324 19326 $FC  0.0
IMPROPER 19409 19420 19412 19414 $FC -120.0
DIHEDRAL 19444 19447 19449 19451 $FC  0.0
IMPROPER 19534 19545 19537 19539 $FC -120.0
DIHEDRAL 19569 19572 19574 19576 $FC  0.0
IMPROPER 19659 19670 19662 19664 $FC -120.0
DIHEDRAL 19694 19697 19699 19701 $FC  0.0
IMPROPER 19784 19795 19787 19789 $FC -120.0
DIHEDRAL 19819 19822 19824 19826 $FC  0.0
IMPROPER 19909 19920 19912 19914 $FC -120.0
DIHEDRAL 19944 19947 19949 19951 $FC  0.0
IMPROPER 20034 20045 20037 20039 $FC -120.0
DIHEDRAL 20069 20072 20074 20076 $FC  0.0
IMPROPER 20159 20170 20162 20164 $FC -120.0
DIHEDRAL 20194 20197 20199 20201 $FC  0.0
IMPROPER 20284 20295 20287 20289 $FC -120.0
DIHEDRAL 20319 20322 20324 20326 $FC  0.0
IMPROPER 20409 20420 20412 20414 $FC -120.0
DIHEDRAL 20444 20447 20449 20451 $FC  0.0
IMPROPER 20519 20526 20524 20528 $FC  120.0
IMPROPER 20536 20547 20539 20541 $FC -120.0
DIHEDRAL 20571 20574 20576 20578 $FC  0.0
IMPROPER 20646 20653 20651 20655 $FC  120.0
IMPROPER 20663 20674 20666 20668 $FC -120.0
DIHEDRAL 20698 20701 20703 20705 $FC  0.0
IMPROPER 20788 20799 20791 20793 $FC -120.0
DIHEDRAL 20823 20826 20828 20830 $FC  0.0
IMPROPER 20913 20924 20916 20918 $FC -120.0
DIHEDRAL 20948 20951 20953 20955 $FC  0.0
IMPROPER 21038 21049 21041 21043 $FC -120.0
DIHEDRAL 21073 21076 21078 21080 $FC  0.0
IMPROPER 21163 21174 21166 21168 $FC -120.0
DIHEDRAL 21198 21201 21203 21205 $FC  0.0
IMPROPER 21288 21299 21291 21293 $FC -120.0
DIHEDRAL 21323 21326 21328 21330 $FC  0.0
IMPROPER 21413 21424 21416 21418 $FC -120.0
DIHEDRAL 21448 21451 21453 21455 $FC  0.0
IMPROPER 21538 21549 21541 21543 $FC -120.0
DIHEDRAL 21573 21576 21578 21580 $FC  0.0
IMPROPER 21663 21674 21666 21668 $FC -120.0
DIHEDRAL 21698 21701 21703 21705 $FC  0.0
IMPROPER 21788 21799 21791 21793 $FC -120.0
DIHEDRAL 21823 21826 21828 21830 $FC  0.0
IMPROPER 21913 21924 21916 21918 $FC -120.0
DIHEDRAL 21948 21951 21953 21955 $FC  0.0
IMPROPER 22038 22049 22041 22043 $FC -120.0
DIHEDRAL 22073 22076 22078 22080 $FC  0.0
IMPROPER 22163 22174 22166 22168 $FC -120.0
DIHEDRAL 22198 22201 22203 22205 $FC  0.0
IMPROPER 22288 22299 22291 22293 $FC -120.0
DIHEDRAL 22323 22326 22328 22330 $FC  0.0
IMPROPER 22413 22424 22416 22418 $FC -120.0
DIHEDRAL 22448 22451 22453 22455 $FC  0.0
IMPROPER 22538 22549 22541 22543 $FC -120.0
DIHEDRAL 22573 22576 22578 22580 $FC  0.0
IMPROPER 22648 22655 22653 22657 $FC  120.0
IMPROPER 22665 22676 22668 22670 $FC -120.0
DIHEDRAL 22700 22703 22705 22707 $FC  0.0
IMPROPER 22775 22782 22780 22784 $FC  120.0
IMPROPER 22792 22803 22795 22797 $FC -120.0
DIHEDRAL 22827 22830 22832 22834 $FC  0.0
IMPROPER 22917 22928 22920 22922 $FC -120.0
DIHEDRAL 22952 22955 22957 22959 $FC  0.0
IMPROPER 23042 23053 23045 23047 $FC -120.0
DIHEDRAL 23077 23080 23082 23084 $FC  0.0
IMPROPER 23167 23178 23170 23172 $FC -120.0
DIHEDRAL 23202 23205 23207 23209 $FC  0.0
IMPROPER 23292 23303 23295 23297 $FC -120.0
DIHEDRAL 23327 23330 23332 23334 $FC  0.0
IMPROPER 23402 23409 23407 23411 $FC  120.0
IMPROPER 23419 23430 23422 23424 $FC -120.0
DIHEDRAL 23454 23457 23459 23461 $FC  0.0
IMPROPER 23544 23555 23547 23549 $FC -120.0
DIHEDRAL 23579 23582 23584 23586 $FC  0.0
IMPROPER 23669 23680 23672 23674 $FC -120.0
DIHEDRAL 23704 23707 23709 23711 $FC  0.0
IMPROPER 23779 23786 23784 23788 $FC  120.0
IMPROPER 23796 23807 23799 23801 $FC -120.0
DIHEDRAL 23831 23834 23836 23838 $FC  0.0
IMPROPER 23921 23932 23924 23926 $FC -120.0
DIHEDRAL 23956 23959 23961 23963 $FC  0.0
IMPROPER 24031 24038 24036 24040 $FC  120.0
IMPROPER 24048 24059 24051 24053 $FC -120.0
DIHEDRAL 24083 24086 24088 24090 $FC  0.0
IMPROPER 24173 24184 24176 24178 $FC -120.0
DIHEDRAL 24208 24211 24213 24215 $FC  0.0
IMPROPER 24298 24309 24301 24303 $FC -120.0
DIHEDRAL 24333 24336 24338 24340 $FC  0.0
IMPROPER 24423 24434 24426 24428 $FC -120.0
DIHEDRAL 24458 24461 24463 24465 $FC  0.0
IMPROPER 24548 24559 24551 24553 $FC -120.0
DIHEDRAL 24583 24586 24588 24590 $FC  0.0
IMPROPER 24673 24684 24676 24678 $FC -120.0
DIHEDRAL 24708 24711 24713 24715 $FC  0.0
IMPROPER 24798 24809 24801 24803 $FC -120.0
DIHEDRAL 24833 24836 24838 24840 $FC  0.0
IMPROPER 24923 24934 24926 24928 $FC -120.0
DIHEDRAL 24958 24961 24963 24965 $FC  0.0
IMPROPER 25048 25059 25051 25053 $FC -120.0
DIHEDRAL 25083 25086 25088 25090 $FC  0.0
IMPROPER 25158 25165 25163 25167 $FC  120.0
IMPROPER 25175 25186 25178 25180 $FC -120.0
DIHEDRAL 25210 25213 25215 25217 $FC  0.0
IMPROPER 25300 25311 25303 25305 $FC -120.0
DIHEDRAL 25335 25338 25340 25342 $FC  0.0
IMPROPER 25425 25436 25428 25430 $FC -120.0
DIHEDRAL 25460 25463 25465 25467 $FC  0.0
IMPROPER 25550 25561 25553 25555 $FC -120.0
DIHEDRAL 25585 25588 25590 25592 $FC  0.0
IMPROPER 25660 25667 25665 25669 $FC  120.0
IMPROPER 25677 25688 25680 25682 $FC -120.0
DIHEDRAL 25712 25715 25717 25719 $FC  0.0
IMPROPER 25802 25813 25805 25807 $FC -120.0
DIHEDRAL 25837 25840 25842 25844 $FC  0.0
IMPROPER 25927 25938 25930 25932 $FC -120.0
DIHEDRAL 25962 25965 25967 25969 $FC  0.0
IMPROPER 26052 26063 26055 26057 $FC -120.0
DIHEDRAL 26087 26090 26092 26094 $FC  0.0
IMPROPER 26177 26188 26180 26182 $FC -120.0
DIHEDRAL 26212 26215 26217 26219 $FC  0.0
IMPROPER 26302 26313 26305 26307 $FC -120.0
DIHEDRAL 26337 26340 26342 26344 $FC  0.0
IMPROPER 26427 26438 26430 26432 $FC -120.0
DIHEDRAL 26462 26465 26467 26469 $FC  0.0
IMPROPER 26552 26563 26555 26557 $FC -120.0
DIHEDRAL 26587 26590 26592 26594 $FC  0.0
IMPROPER 26677 26688 26680 26682 $FC -120.0
DIHEDRAL 26712 26715 26717 26719 $FC  0.0
IMPROPER 26787 26794 26792 26796 $FC  120.0
IMPROPER 26804 26815 26807 26809 $FC -120.0
DIHEDRAL 26839 26842 26844 26846 $FC  0.0
IMPROPER 26929 26940 26932 26934 $FC -120.0
DIHEDRAL 26964 26967 26969 26971 $FC  0.0
IMPROPER 27054 27065 27057 27059 $FC -120.0
DIHEDRAL 27089 27092 27094 27096 $FC  0.0
IMPROPER 27179 27190 27182 27184 $FC -120.0
DIHEDRAL 27214 27217 27219 27221 $FC  0.0
IMPROPER 27304 27315 27307 27309 $FC -120.0
DIHEDRAL 27339 27342 27344 27346 $FC  0.0
IMPROPER 27414 27421 27419 27423 $FC  120.0
IMPROPER 27431 27442 27434 27436 $FC -120.0
DIHEDRAL 27466 27469 27471 27473 $FC  0.0
IMPROPER 27556 27567 27559 27561 $FC -120.0
DIHEDRAL 27591 27594 27596 27598 $FC  0.0
IMPROPER 27681 27692 27684 27686 $FC -120.0
DIHEDRAL 27716 27719 27721 27723 $FC  0.0
IMPROPER 27791 27798 27796 27800 $FC  120.0
IMPROPER 27808 27819 27811 27813 $FC -120.0
DIHEDRAL 27843 27846 27848 27850 $FC  0.0
IMPROPER 27933 27944 27936 27938 $FC -120.0
DIHEDRAL 27968 27971 27973 27975 $FC  0.0
IMPROPER 28058 28069 28061 28063 $FC -120.0
DIHEDRAL 28093 28096 28098 28100 $FC  0.0
IMPROPER 28168 28175 28173 28177 $FC  120.0
IMPROPER 28185 28196 28188 28190 $FC -120.0
DIHEDRAL 28220 28223 28225 28227 $FC  0.0
IMPROPER 28310 28321 28313 28315 $FC -120.0
DIHEDRAL 28345 28348 28350 28352 $FC  0.0
IMPROPER 28420 28427 28425 28429 $FC  120.0
IMPROPER 28437 28448 28440 28442 $FC -120.0
DIHEDRAL 28472 28475 28477 28479 $FC  0.0
IMPROPER 28562 28573 28565 28567 $FC -120.0
DIHEDRAL 28597 28600 28602 28604 $FC  0.0
IMPROPER 28687 28698 28690 28692 $FC -120.0
DIHEDRAL 28722 28725 28727 28729 $FC  0.0
IMPROPER 28812 28823 28815 28817 $FC -120.0
DIHEDRAL 28847 28850 28852 28854 $FC  0.0
IMPROPER 28937 28948 28940 28942 $FC -120.0
DIHEDRAL 28972 28975 28977 28979 $FC  0.0
IMPROPER 29062 29073 29065 29067 $FC -120.0
DIHEDRAL 29097 29100 29102 29104 $FC  0.0
IMPROPER 29187 29198 29190 29192 $FC -120.0
DIHEDRAL 29222 29225 29227 29229 $FC  0.0
IMPROPER 29312 29323 29315 29317 $FC -120.0
DIHEDRAL 29347 29350 29352 29354 $FC  0.0
IMPROPER 29437 29448 29440 29442 $FC -120.0
DIHEDRAL 29472 29475 29477 29479 $FC  0.0
IMPROPER 29562 29573 29565 29567 $FC -120.0
DIHEDRAL 29597 29600 29602 29604 $FC  0.0
IMPROPER 29687 29698 29690 29692 $FC -120.0
DIHEDRAL 29722 29725 29727 29729 $FC  0.0
IMPROPER 29812 29823 29815 29817 $FC -120.0
DIHEDRAL 29847 29850 29852 29854 $FC  0.0
IMPROPER 29937 29948 29940 29942 $FC -120.0
DIHEDRAL 29972 29975 29977 29979 $FC  0.0
IMPROPER 30047 30054 30052 30056 $FC  120.0
IMPROPER 30064 30075 30067 30069 $FC -120.0
DIHEDRAL 30099 30102 30104 30106 $FC  0.0
IMPROPER 30189 30200 30192 30194 $FC -120.0
DIHEDRAL 30224 30227 30229 30231 $FC  0.0
IMPROPER 30299 30306 30304 30308 $FC  120.0
IMPROPER 30316 30327 30319 30321 $FC -120.0
DIHEDRAL 30351 30354 30356 30358 $FC  0.0
IMPROPER 30441 30452 30444 30446 $FC -120.0
DIHEDRAL 30476 30479 30481 30483 $FC  0.0
IMPROPER 30566 30577 30569 30571 $FC -120.0
DIHEDRAL 30601 30604 30606 30608 $FC  0.0
IMPROPER 30691 30702 30694 30696 $FC -120.0
DIHEDRAL 30726 30729 30731 30733 $FC  0.0
IMPROPER 30816 30827 30819 30821 $FC -120.0
DIHEDRAL 30851 30854 30856 30858 $FC  0.0
IMPROPER 30941 30952 30944 30946 $FC -120.0
DIHEDRAL 30976 30979 30981 30983 $FC  0.0
IMPROPER 31051 31058 31056 31060 $FC  120.0
IMPROPER 31068 31079 31071 31073 $FC -120.0
DIHEDRAL 31103 31106 31108 31110 $FC  0.0
IMPROPER 31193 31204 31196 31198 $FC -120.0
DIHEDRAL 31228 31231 31233 31235 $FC  0.0
IMPROPER 31303 31310 31308 31312 $FC  120.0
IMPROPER 31320 31331 31323 31325 $FC -120.0
DIHEDRAL 31355 31358 31360 31362 $FC  0.0
IMPROPER 31430 31437 31435 31439 $FC  120.0
IMPROPER 31447 31458 31450 31452 $FC -120.0
DIHEDRAL 31482 31485 31487 31489 $FC  0.0
IMPROPER 31572 31583 31575 31577 $FC -120.0
DIHEDRAL 31607 31610 31612 31614 $FC  0.0
IMPROPER 31682 31689 31687 31691 $FC  120.0
IMPROPER 31699 31710 31702 31704 $FC -120.0
DIHEDRAL 31734 31737 31739 31741 $FC  0.0
IMPROPER 31824 31835 31827 31829 $FC -120.0
DIHEDRAL 31859 31862 31864 31866 $FC  0.0
IMPROPER 31934 31941 31939 31943 $FC  120.0
IMPROPER 31951 31962 31954 31956 $FC -120.0
DIHEDRAL 31986 31989 31991 31993 $FC  0.0
IMPROPER 32076 32087 32079 32081 $FC -120.0
DIHEDRAL 32111 32114 32116 32118 $FC  0.0
IMPROPER 32201 32212 32204 32206 $FC -120.0
DIHEDRAL 32236 32239 32241 32243 $FC  0.0
IMPROPER 32326 32337 32329 32331 $FC -120.0
DIHEDRAL 32361 32364 32366 32368 $FC  0.0
IMPROPER 32451 32462 32454 32456 $FC -120.0
DIHEDRAL 32486 32489 32491 32493 $FC  0.0
IMPROPER 32576 32587 32579 32581 $FC -120.0
DIHEDRAL 32611 32614 32616 32618 $FC  0.0
IMPROPER 32701 32712 32704 32706 $FC -120.0
DIHEDRAL 32736 32739 32741 32743 $FC  0.0
IMPROPER 32826 32837 32829 32831 $FC -120.0
DIHEDRAL 32861 32864 32866 32868 $FC  0.0
IMPROPER 32936 32943 32941 32945 $FC  120.0
IMPROPER 32953 32964 32956 32958 $FC -120.0
DIHEDRAL 32988 32991 32993 32995 $FC  0.0
IMPROPER 33078 33089 33081 33083 $FC -120.0
DIHEDRAL 33113 33116 33118 33120 $FC  0.0
IMPROPER 33203 33214 33206 33208 $FC -120.0
DIHEDRAL 33238 33241 33243 33245 $FC  0.0
IMPROPER 33328 33339 33331 33333 $FC -120.0
DIHEDRAL 33363 33366 33368 33370 $FC  0.0
IMPROPER 33453 33464 33456 33458 $FC -120.0
DIHEDRAL 33488 33491 33493 33495 $FC  0.0
IMPROPER 33578 33589 33581 33583 $FC -120.0
DIHEDRAL 33613 33616 33618 33620 $FC  0.0
IMPROPER 33703 33714 33706 33708 $FC -120.0
DIHEDRAL 33738 33741 33743 33745 $FC  0.0
IMPROPER 33828 33839 33831 33833 $FC -120.0
DIHEDRAL 33863 33866 33868 33870 $FC  0.0
IMPROPER 33953 33964 33956 33958 $FC -120.0
DIHEDRAL 33988 33991 33993 33995 $FC  0.0
IMPROPER 34078 34089 34081 34083 $FC -120.0
DIHEDRAL 34113 34116 34118 34120 $FC  0.0
IMPROPER 34188 34195 34193 34197 $FC  120.0
IMPROPER 34205 34216 34208 34210 $FC -120.0
DIHEDRAL 34240 34243 34245 34247 $FC  0.0
IMPROPER 34315 34322 34320 34324 $FC  120.0
IMPROPER 34332 34343 34335 34337 $FC -120.0
DIHEDRAL 34367 34370 34372 34374 $FC  0.0
IMPROPER 34457 34468 34460 34462 $FC -120.0
DIHEDRAL 34492 34495 34497 34499 $FC  0.0
IMPROPER 34582 34593 34585 34587 $FC -120.0
DIHEDRAL 34617 34620 34622 34624 $FC  0.0
IMPROPER 34707 34718 34710 34712 $FC -120.0
DIHEDRAL 34742 34745 34747 34749 $FC  0.0
IMPROPER 34832 34843 34835 34837 $FC -120.0
DIHEDRAL 34867 34870 34872 34874 $FC  0.0
IMPROPER 34957 34968 34960 34962 $FC -120.0
DIHEDRAL 34992 34995 34997 34999 $FC  0.0
IMPROPER 35082 35093 35085 35087 $FC -120.0
DIHEDRAL 35117 35120 35122 35124 $FC  0.0
IMPROPER 35192 35199 35197 35201 $FC  120.0
IMPROPER 35209 35220 35212 35214 $FC -120.0
DIHEDRAL 35244 35247 35249 35251 $FC  0.0
IMPROPER 35334 35345 35337 35339 $FC -120.0
DIHEDRAL 35369 35372 35374 35376 $FC  0.0
IMPROPER 35459 35470 35462 35464 $FC -120.0
DIHEDRAL 35494 35497 35499 35501 $FC  0.0
IMPROPER 35584 35595 35587 35589 $FC -120.0
DIHEDRAL 35619 35622 35624 35626 $FC  0.0
IMPROPER 35709 35720 35712 35714 $FC -120.0
DIHEDRAL 35744 35747 35749 35751 $FC  0.0
IMPROPER 35834 35845 35837 35839 $FC -120.0
DIHEDRAL 35869 35872 35874 35876 $FC  0.0
IMPROPER 35944 35951 35949 35953 $FC  120.0
IMPROPER 35961 35972 35964 35966 $FC -120.0
DIHEDRAL 35996 35999 36001 36003 $FC  0.0
IMPROPER 36086 36097 36089 36091 $FC -120.0
DIHEDRAL 36121 36124 36126 36128 $FC  0.0
IMPROPER 36211 36222 36214 36216 $FC -120.0
DIHEDRAL 36246 36249 36251 36253 $FC  0.0
IMPROPER 36336 36347 36339 36341 $FC -120.0
DIHEDRAL 36371 36374 36376 36378 $FC  0.0
IMPROPER 36461 36472 36464 36466 $FC -120.0
DIHEDRAL 36496 36499 36501 36503 $FC  0.0
IMPROPER 36586 36597 36589 36591 $FC -120.0
DIHEDRAL 36621 36624 36626 36628 $FC  0.0
IMPROPER 36696 36703 36701 36705 $FC  120.0
IMPROPER 36713 36724 36716 36718 $FC -120.0
DIHEDRAL 36748 36751 36753 36755 $FC  0.0
IMPROPER 36838 36849 36841 36843 $FC -120.0
DIHEDRAL 36873 36876 36878 36880 $FC  0.0
IMPROPER 36963 36974 36966 36968 $FC -120.0
DIHEDRAL 36998 37001 37003 37005 $FC  0.0
IMPROPER 37073 37080 37078 37082 $FC  120.0
IMPROPER 37090 37101 37093 37095 $FC -120.0
DIHEDRAL 37125 37128 37130 37132 $FC  0.0
IMPROPER 37215 37226 37218 37220 $FC -120.0
DIHEDRAL 37250 37253 37255 37257 $FC  0.0
IMPROPER 37325 37332 37330 37334 $FC  120.0
IMPROPER 37342 37353 37345 37347 $FC -120.0
DIHEDRAL 37377 37380 37382 37384 $FC  0.0
IMPROPER 37467 37478 37470 37472 $FC -120.0
DIHEDRAL 37502 37505 37507 37509 $FC  0.0
IMPROPER 37577 37584 37582 37586 $FC  120.0
IMPROPER 37594 37605 37597 37599 $FC -120.0
DIHEDRAL 37629 37632 37634 37636 $FC  0.0
IMPROPER 37719 37730 37722 37724 $FC -120.0
DIHEDRAL 37754 37757 37759 37761 $FC  0.0
IMPROPER 37844 37855 37847 37849 $FC -120.0
DIHEDRAL 37879 37882 37884 37886 $FC  0.0
IMPROPER 37969 37980 37972 37974 $FC -120.0
DIHEDRAL 38004 38007 38009 38011 $FC  0.0
IMPROPER 38079 38086 38084 38088 $FC  120.0
IMPROPER 38096 38107 38099 38101 $FC -120.0
DIHEDRAL 38131 38134 38136 38138 $FC  0.0
IMPROPER 38221 38232 38224 38226 $FC -120.0
DIHEDRAL 38256 38259 38261 38263 $FC  0.0
IMPROPER 38346 38357 38349 38351 $FC -120.0
DIHEDRAL 38381 38384 38386 38388 $FC  0.0
IMPROPER 38456 38463 38461 38465 $FC  120.0
IMPROPER 38473 38484 38476 38478 $FC -120.0
DIHEDRAL 38508 38511 38513 38515 $FC  0.0
IMPROPER 38598 38609 38601 38603 $FC -120.0
DIHEDRAL 38633 38636 38638 38640 $FC  0.0
IMPROPER 38723 38734 38726 38728 $FC -120.0
DIHEDRAL 38758 38761 38763 38765 $FC  0.0
IMPROPER 38833 38840 38838 38842 $FC  120.0
IMPROPER 38850 38861 38853 38855 $FC -120.0
DIHEDRAL 38885 38888 38890 38892 $FC  0.0
IMPROPER 38975 38986 38978 38980 $FC -120.0
DIHEDRAL 39010 39013 39015 39017 $FC  0.0
IMPROPER 39100 39111 39103 39105 $FC -120.0
DIHEDRAL 39135 39138 39140 39142 $FC  0.0
IMPROPER 39210 39217 39215 39219 $FC  120.0
IMPROPER 39227 39238 39230 39232 $FC -120.0
DIHEDRAL 39262 39265 39267 39269 $FC  0.0
IMPROPER 39352 39363 39355 39357 $FC -120.0
DIHEDRAL 39387 39390 39392 39394 $FC  0.0
IMPROPER 39477 39488 39480 39482 $FC -120.0
DIHEDRAL 39512 39515 39517 39519 $FC  0.0
IMPROPER 39602 39613 39605 39607 $FC -120.0
DIHEDRAL 39637 39640 39642 39644 $FC  0.0
IMPROPER 39727 39738 39730 39732 $FC -120.0
DIHEDRAL 39762 39765 39767 39769 $FC  0.0
IMPROPER 39852 39863 39855 39857 $FC -120.0
DIHEDRAL 39887 39890 39892 39894 $FC  0.0
IMPROPER 39977 39988 39980 39982 $FC -120.0
DIHEDRAL 40012 40015 40017 40019 $FC  0.0
IMPROPER 40102 40113 40105 40107 $FC -120.0
DIHEDRAL 40137 40140 40142 40144 $FC  0.0
IMPROPER 40227 40238 40230 40232 $FC -120.0
DIHEDRAL 40262 40265 40267 40269 $FC  0.0
IMPROPER 40352 40363 40355 40357 $FC -120.0
DIHEDRAL 40387 40390 40392 40394 $FC  0.0
IMPROPER 40477 40488 40480 40482 $FC -120.0
DIHEDRAL 40512 40515 40517 40519 $FC  0.0
IMPROPER 40587 40594 40592 40596 $FC  120.0
IMPROPER 40604 40615 40607 40609 $FC -120.0
DIHEDRAL 40639 40642 40644 40646 $FC  0.0
IMPROPER 40729 40740 40732 40734 $FC -120.0
DIHEDRAL 40764 40767 40769 40771 $FC  0.0
IMPROPER 40839 40846 40844 40848 $FC  120.0
IMPROPER 40856 40867 40859 40861 $FC -120.0
DIHEDRAL 40891 40894 40896 40898 $FC  0.0
IMPROPER 40981 40992 40984 40986 $FC -120.0
DIHEDRAL 41016 41019 41021 41023 $FC  0.0
IMPROPER 41106 41117 41109 41111 $FC -120.0
DIHEDRAL 41141 41144 41146 41148 $FC  0.0
IMPROPER 41231 41242 41234 41236 $FC -120.0
DIHEDRAL 41266 41269 41271 41273 $FC  0.0
IMPROPER 41356 41367 41359 41361 $FC -120.0
DIHEDRAL 41391 41394 41396 41398 $FC  0.0
IMPROPER 41481 41492 41484 41486 $FC -120.0
DIHEDRAL 41516 41519 41521 41523 $FC  0.0
IMPROPER 41606 41617 41609 41611 $FC -120.0
DIHEDRAL 41641 41644 41646 41648 $FC  0.0
IMPROPER 41731 41742 41734 41736 $FC -120.0
DIHEDRAL 41766 41769 41771 41773 $FC  0.0
IMPROPER 41856 41867 41859 41861 $FC -120.0
DIHEDRAL 41891 41894 41896 41898 $FC  0.0
IMPROPER 41981 41992 41984 41986 $FC -120.0
DIHEDRAL 42016 42019 42021 42023 $FC  0.0
IMPROPER 42106 42117 42109 42111 $FC -120.0
DIHEDRAL 42141 42144 42146 42148 $FC  0.0
IMPROPER 42231 42242 42234 42236 $FC -120.0
DIHEDRAL 42266 42269 42271 42273 $FC  0.0
IMPROPER 42356 42367 42359 42361 $FC -120.0
DIHEDRAL 42391 42394 42396 42398 $FC  0.0
IMPROPER 42466 42473 42471 42475 $FC  120.0
IMPROPER 42483 42494 42486 42488 $FC -120.0
DIHEDRAL 42518 42521 42523 42525 $FC  0.0
IMPROPER 42608 42619 42611 42613 $FC -120.0
DIHEDRAL 42643 42646 42648 42650 $FC  0.0
IMPROPER 42733 42744 42736 42738 $FC -120.0
DIHEDRAL 42768 42771 42773 42775 $FC  0.0
IMPROPER 42858 42869 42861 42863 $FC -120.0
DIHEDRAL 42893 42896 42898 42900 $FC  0.0
IMPROPER 42983 42994 42986 42988 $FC -120.0
DIHEDRAL 43018 43021 43023 43025 $FC  0.0
IMPROPER 43108 43119 43111 43113 $FC -120.0
DIHEDRAL 43143 43146 43148 43150 $FC  0.0
IMPROPER 43233 43244 43236 43238 $FC -120.0
DIHEDRAL 43268 43271 43273 43275 $FC  0.0
IMPROPER 43343 43350 43348 43352 $FC  120.0
IMPROPER 43360 43371 43363 43365 $FC -120.0
DIHEDRAL 43395 43398 43400 43402 $FC  0.0
IMPROPER 43485 43496 43488 43490 $FC -120.0
DIHEDRAL 43520 43523 43525 43527 $FC  0.0
IMPROPER 43610 43621 43613 43615 $FC -120.0
DIHEDRAL 43645 43648 43650 43652 $FC  0.0
IMPROPER 43735 43746 43738 43740 $FC -120.0
DIHEDRAL 43770 43773 43775 43777 $FC  0.0
IMPROPER 43845 43852 43850 43854 $FC  120.0
IMPROPER 43862 43873 43865 43867 $FC -120.0
DIHEDRAL 43897 43900 43902 43904 $FC  0.0
IMPROPER 43987 43998 43990 43992 $FC -120.0
DIHEDRAL 44022 44025 44027 44029 $FC  0.0
IMPROPER 44112 44123 44115 44117 $FC -120.0
DIHEDRAL 44147 44150 44152 44154 $FC  0.0
IMPROPER 44237 44248 44240 44242 $FC -120.0
DIHEDRAL 44272 44275 44277 44279 $FC  0.0
IMPROPER 44362 44373 44365 44367 $FC -120.0
DIHEDRAL 44397 44400 44402 44404 $FC  0.0
IMPROPER 44487 44498 44490 44492 $FC -120.0
DIHEDRAL 44522 44525 44527 44529 $FC  0.0
IMPROPER 44612 44623 44615 44617 $FC -120.0
DIHEDRAL 44647 44650 44652 44654 $FC  0.0
IMPROPER 44737 44748 44740 44742 $FC -120.0
DIHEDRAL 44772 44775 44777 44779 $FC  0.0
IMPROPER 44862 44873 44865 44867 $FC -120.0
DIHEDRAL 44897 44900 44902 44904 $FC  0.0
IMPROPER 44987 44998 44990 44992 $FC -120.0
DIHEDRAL 45022 45025 45027 45029 $FC  0.0
IMPROPER 45097 45104 45102 45106 $FC  120.0
IMPROPER 45114 45125 45117 45119 $FC -120.0
DIHEDRAL 45149 45152 45154 45156 $FC  0.0
IMPROPER 45239 45250 45242 45244 $FC -120.0
DIHEDRAL 45274 45277 45279 45281 $FC  0.0
IMPROPER 45349 45356 45354 45358 $FC  120.0
IMPROPER 45366 45377 45369 45371 $FC -120.0
DIHEDRAL 45401 45404 45406 45408 $FC  0.0
IMPROPER 45476 45483 45481 45485 $FC  120.0
IMPROPER 45493 45504 45496 45498 $FC -120.0
DIHEDRAL 45528 45531 45533 45535 $FC  0.0
IMPROPER 45618 45629 45621 45623 $FC -120.0
DIHEDRAL 45653 45656 45658 45660 $FC  0.0
IMPROPER 45743 45754 45746 45748 $FC -120.0
DIHEDRAL 45778 45781 45783 45785 $FC  0.0
IMPROPER 45868 45879 45871 45873 $FC -120.0
DIHEDRAL 45903 45906 45908 45910 $FC  0.0
IMPROPER 45993 46004 45996 45998 $FC -120.0
DIHEDRAL 46028 46031 46033 46035 $FC  0.0
IMPROPER 46118 46129 46121 46123 $FC -120.0
DIHEDRAL 46153 46156 46158 46160 $FC  0.0
IMPROPER 46243 46254 46246 46248 $FC -120.0
DIHEDRAL 46278 46281 46283 46285 $FC  0.0
IMPROPER 46368 46379 46371 46373 $FC -120.0
DIHEDRAL 46403 46406 46408 46410 $FC  0.0
IMPROPER 46493 46504 46496 46498 $FC -120.0
DIHEDRAL 46528 46531 46533 46535 $FC  0.0
IMPROPER 46618 46629 46621 46623 $FC -120.0
DIHEDRAL 46653 46656 46658 46660 $FC  0.0
IMPROPER 46743 46754 46746 46748 $FC -120.0
DIHEDRAL 46778 46781 46783 46785 $FC  0.0
IMPROPER 46868 46879 46871 46873 $FC -120.0
DIHEDRAL 46903 46906 46908 46910 $FC  0.0
IMPROPER 46993 47004 46996 46998 $FC -120.0
DIHEDRAL 47028 47031 47033 47035 $FC  0.0
IMPROPER 47118 47129 47121 47123 $FC -120.0
DIHEDRAL 47153 47156 47158 47160 $FC  0.0
IMPROPER 47243 47254 47246 47248 $FC -120.0
DIHEDRAL 47278 47281 47283 47285 $FC  0.0
IMPROPER 47368 47379 47371 47373 $FC -120.0
DIHEDRAL 47403 47406 47408 47410 $FC  0.0
IMPROPER 47493 47504 47496 47498 $FC -120.0
DIHEDRAL 47528 47531 47533 47535 $FC  0.0
IMPROPER 47603 47610 47608 47612 $FC  120.0
IMPROPER 47620 47631 47623 47625 $FC -120.0
DIHEDRAL 47655 47658 47660 47662 $FC  0.0
IMPROPER 47745 47756 47748 47750 $FC -120.0
DIHEDRAL 47780 47783 47785 47787 $FC  0.0
IMPROPER 47870 47881 47873 47875 $FC -120.0
DIHEDRAL 47905 47908 47910 47912 $FC  0.0
IMPROPER 47995 48006 47998 48000 $FC -120.0
DIHEDRAL 48030 48033 48035 48037 $FC  0.0
IMPROPER 48105 48112 48110 48114 $FC  120.0
IMPROPER 48122 48133 48125 48127 $FC -120.0
DIHEDRAL 48157 48160 48162 48164 $FC  0.0
IMPROPER 48232 48239 48237 48241 $FC  120.0
IMPROPER 48249 48260 48252 48254 $FC -120.0
DIHEDRAL 48284 48287 48289 48291 $FC  0.0
IMPROPER 48374 48385 48377 48379 $FC -120.0
DIHEDRAL 48409 48412 48414 48416 $FC  0.0
IMPROPER 48499 48510 48502 48504 $FC -120.0
DIHEDRAL 48534 48537 48539 48541 $FC  0.0
IMPROPER 48624 48635 48627 48629 $FC -120.0
DIHEDRAL 48659 48662 48664 48666 $FC  0.0
IMPROPER 48749 48760 48752 48754 $FC -120.0
DIHEDRAL 48784 48787 48789 48791 $FC  0.0
IMPROPER 48874 48885 48877 48879 $FC -120.0
DIHEDRAL 48909 48912 48914 48916 $FC  0.0
IMPROPER 48999 49010 49002 49004 $FC -120.0
DIHEDRAL 49034 49037 49039 49041 $FC  0.0
IMPROPER 49124 49135 49127 49129 $FC -120.0
DIHEDRAL 49159 49162 49164 49166 $FC  0.0
IMPROPER 49249 49260 49252 49254 $FC -120.0
DIHEDRAL 49284 49287 49289 49291 $FC  0.0
IMPROPER 49359 49366 49364 49368 $FC  120.0
IMPROPER 49376 49387 49379 49381 $FC -120.0
DIHEDRAL 49411 49414 49416 49418 $FC  0.0
IMPROPER 49501 49512 49504 49506 $FC -120.0
DIHEDRAL 49536 49539 49541 49543 $FC  0.0
IMPROPER 49611 49618 49616 49620 $FC  120.0
IMPROPER 49628 49639 49631 49633 $FC -120.0
DIHEDRAL 49663 49666 49668 49670 $FC  0.0
IMPROPER 49738 49745 49743 49747 $FC  120.0
IMPROPER 49755 49766 49758 49760 $FC -120.0
DIHEDRAL 49790 49793 49795 49797 $FC  0.0
IMPROPER 49880 49891 49883 49885 $FC -120.0
DIHEDRAL 49915 49918 49920 49922 $FC  0.0
IMPROPER 49990 49997 49995 49999 $FC  120.0
IMPROPER 50007 50018 50010 50012 $FC -120.0
DIHEDRAL 50042 50045 50047 50049 $FC  0.0
IMPROPER 50132 50143 50135 50137 $FC -120.0
DIHEDRAL 50167 50170 50172 50174 $FC  0.0
IMPROPER 50242 50249 50247 50251 $FC  120.0
IMPROPER 50259 50270 50262 50264 $FC -120.0
DIHEDRAL 50294 50297 50299 50301 $FC  0.0
IMPROPER 50384 50395 50387 50389 $FC -120.0
DIHEDRAL 50419 50422 50424 50426 $FC  0.0
IMPROPER 50509 50520 50512 50514 $FC -120.0
DIHEDRAL 50544 50547 50549 50551 $FC  0.0
IMPROPER 50634 50645 50637 50639 $FC -120.0
DIHEDRAL 50669 50672 50674 50676 $FC  0.0
IMPROPER 50744 50751 50749 50753 $FC  120.0
IMPROPER 50761 50772 50764 50766 $FC -120.0
DIHEDRAL 50796 50799 50801 50803 $FC  0.0
IMPROPER 50886 50897 50889 50891 $FC -120.0
DIHEDRAL 50921 50924 50926 50928 $FC  0.0
IMPROPER 51011 51022 51014 51016 $FC -120.0
DIHEDRAL 51046 51049 51051 51053 $FC  0.0
IMPROPER 51136 51147 51139 51141 $FC -120.0
DIHEDRAL 51171 51174 51176 51178 $FC  0.0
IMPROPER 51261 51272 51264 51266 $FC -120.0
DIHEDRAL 51296 51299 51301 51303 $FC  0.0
IMPROPER 51371 51378 51376 51380 $FC  120.0
IMPROPER 51388 51399 51391 51393 $FC -120.0
DIHEDRAL 51423 51426 51428 51430 $FC  0.0
IMPROPER 51513 51524 51516 51518 $FC -120.0
DIHEDRAL 51548 51551 51553 51555 $FC  0.0
IMPROPER 51638 51649 51641 51643 $FC -120.0
DIHEDRAL 51673 51676 51678 51680 $FC  0.0
IMPROPER 51748 51755 51753 51757 $FC  120.0
IMPROPER 51765 51776 51768 51770 $FC -120.0
DIHEDRAL 51800 51803 51805 51807 $FC  0.0
IMPROPER 51890 51901 51893 51895 $FC -120.0
DIHEDRAL 51925 51928 51930 51932 $FC  0.0
IMPROPER 52015 52026 52018 52020 $FC -120.0
DIHEDRAL 52050 52053 52055 52057 $FC  0.0
IMPROPER 52125 52132 52130 52134 $FC  120.0
IMPROPER 52142 52153 52145 52147 $FC -120.0
DIHEDRAL 52177 52180 52182 52184 $FC  0.0
IMPROPER 52252 52259 52257 52261 $FC  120.0
IMPROPER 52269 52280 52272 52274 $FC -120.0
DIHEDRAL 52304 52307 52309 52311 $FC  0.0
IMPROPER 52394 52405 52397 52399 $FC -120.0
DIHEDRAL 52429 52432 52434 52436 $FC  0.0
IMPROPER 52519 52530 52522 52524 $FC -120.0
DIHEDRAL 52554 52557 52559 52561 $FC  0.0
IMPROPER 52644 52655 52647 52649 $FC -120.0
DIHEDRAL 52679 52682 52684 52686 $FC  0.0
IMPROPER 52769 52780 52772 52774 $FC -120.0
DIHEDRAL 52804 52807 52809 52811 $FC  0.0
IMPROPER 52879 52886 52884 52888 $FC  120.0
IMPROPER 52896 52907 52899 52901 $FC -120.0
DIHEDRAL 52931 52934 52936 52938 $FC  0.0
IMPROPER 53021 53032 53024 53026 $FC -120.0
DIHEDRAL 53056 53059 53061 53063 $FC  0.0
IMPROPER 53146 53157 53149 53151 $FC -120.0
DIHEDRAL 53181 53184 53186 53188 $FC  0.0
IMPROPER 53256 53263 53261 53265 $FC  120.0
IMPROPER 53273 53284 53276 53278 $FC -120.0
DIHEDRAL 53308 53311 53313 53315 $FC  0.0
IMPROPER 53398 53409 53401 53403 $FC -120.0
DIHEDRAL 53433 53436 53438 53440 $FC  0.0
IMPROPER 53523 53534 53526 53528 $FC -120.0
DIHEDRAL 53558 53561 53563 53565 $FC  0.0
IMPROPER 53648 53659 53651 53653 $FC -120.0
DIHEDRAL 53683 53686 53688 53690 $FC  0.0
IMPROPER 53773 53784 53776 53778 $FC -120.0
DIHEDRAL 53808 53811 53813 53815 $FC  0.0
IMPROPER 53898 53909 53901 53903 $FC -120.0
DIHEDRAL 53933 53936 53938 53940 $FC  0.0
IMPROPER 54023 54034 54026 54028 $FC -120.0
DIHEDRAL 54058 54061 54063 54065 $FC  0.0
IMPROPER 54148 54159 54151 54153 $FC -120.0
DIHEDRAL 54183 54186 54188 54190 $FC  0.0
IMPROPER 54273 54284 54276 54278 $FC -120.0
DIHEDRAL 54308 54311 54313 54315 $FC  0.0
IMPROPER 54398 54409 54401 54403 $FC -120.0
DIHEDRAL 54433 54436 54438 54440 $FC  0.0
IMPROPER 54523 54534 54526 54528 $FC -120.0
DIHEDRAL 54558 54561 54563 54565 $FC  0.0
IMPROPER 54648 54659 54651 54653 $FC -120.0
DIHEDRAL 54683 54686 54688 54690 $FC  0.0
IMPROPER 54773 54784 54776 54778 $FC -120.0
DIHEDRAL 54808 54811 54813 54815 $FC  0.0
IMPROPER 54898 54909 54901 54903 $FC -120.0
DIHEDRAL 54933 54936 54938 54940 $FC  0.0
IMPROPER 55023 55034 55026 55028 $FC -120.0
DIHEDRAL 55058 55061 55063 55065 $FC  0.0
IMPROPER 55133 55140 55138 55142 $FC  120.0
IMPROPER 55150 55161 55153 55155 $FC -120.0
DIHEDRAL 55185 55188 55190 55192 $FC  0.0
IMPROPER 55275 55286 55278 55280 $FC -120.0
DIHEDRAL 55310 55313 55315 55317 $FC  0.0
IMPROPER 55400 55411 55403 55405 $FC -120.0
DIHEDRAL 55435 55438 55440 55442 $FC  0.0
IMPROPER 55510 55517 55515 55519 $FC  120.0
IMPROPER 55527 55538 55530 55532 $FC -120.0
DIHEDRAL 55562 55565 55567 55569 $FC  0.0
IMPROPER 55652 55663 55655 55657 $FC -120.0
DIHEDRAL 55687 55690 55692 55694 $FC  0.0
IMPROPER 55777 55788 55780 55782 $FC -120.0
DIHEDRAL 55812 55815 55817 55819 $FC  0.0
IMPROPER 55887 55894 55892 55896 $FC  120.0
IMPROPER 55904 55915 55907 55909 $FC -120.0
DIHEDRAL 55939 55942 55944 55946 $FC  0.0
IMPROPER 56029 56040 56032 56034 $FC -120.0
DIHEDRAL 56064 56067 56069 56071 $FC  0.0
IMPROPER 56154 56165 56157 56159 $FC -120.0
DIHEDRAL 56189 56192 56194 56196 $FC  0.0
IMPROPER 56279 56290 56282 56284 $FC -120.0
DIHEDRAL 56314 56317 56319 56321 $FC  0.0
IMPROPER 56404 56415 56407 56409 $FC -120.0
DIHEDRAL 56439 56442 56444 56446 $FC  0.0
IMPROPER 56529 56540 56532 56534 $FC -120.0
DIHEDRAL 56564 56567 56569 56571 $FC  0.0
IMPROPER 56654 56665 56657 56659 $FC -120.0
DIHEDRAL 56689 56692 56694 56696 $FC  0.0
IMPROPER 56779 56790 56782 56784 $FC -120.0
DIHEDRAL 56814 56817 56819 56821 $FC  0.0
IMPROPER 56904 56915 56907 56909 $FC -120.0
DIHEDRAL 56939 56942 56944 56946 $FC  0.0
IMPROPER 57014 57021 57019 57023 $FC  120.0
IMPROPER 57031 57042 57034 57036 $FC -120.0
DIHEDRAL 57066 57069 57071 57073 $FC  0.0
IMPROPER 57156 57167 57159 57161 $FC -120.0
DIHEDRAL 57191 57194 57196 57198 $FC  0.0
IMPROPER 57266 57273 57271 57275 $FC  120.0
IMPROPER 57283 57294 57286 57288 $FC -120.0
DIHEDRAL 57318 57321 57323 57325 $FC  0.0
IMPROPER 57393 57400 57398 57402 $FC  120.0
IMPROPER 57410 57421 57413 57415 $FC -120.0
DIHEDRAL 57445 57448 57450 57452 $FC  0.0
IMPROPER 57535 57546 57538 57540 $FC -120.0
DIHEDRAL 57570 57573 57575 57577 $FC  0.0
IMPROPER 57660 57671 57663 57665 $FC -120.0
DIHEDRAL 57695 57698 57700 57702 $FC  0.0
IMPROPER 57785 57796 57788 57790 $FC -120.0
DIHEDRAL 57820 57823 57825 57827 $FC  0.0
IMPROPER 57910 57921 57913 57915 $FC -120.0
DIHEDRAL 57945 57948 57950 57952 $FC  0.0
IMPROPER 58035 58046 58038 58040 $FC -120.0
DIHEDRAL 58070 58073 58075 58077 $FC  0.0
IMPROPER 58160 58171 58163 58165 $FC -120.0
DIHEDRAL 58195 58198 58200 58202 $FC  0.0
IMPROPER 58285 58296 58288 58290 $FC -120.0
DIHEDRAL 58320 58323 58325 58327 $FC  0.0
IMPROPER 58410 58421 58413 58415 $FC -120.0
DIHEDRAL 58445 58448 58450 58452 $FC  0.0
IMPROPER 58535 58546 58538 58540 $FC -120.0
DIHEDRAL 58570 58573 58575 58577 $FC  0.0
IMPROPER 58660 58671 58663 58665 $FC -120.0
DIHEDRAL 58695 58698 58700 58702 $FC  0.0
IMPROPER 58785 58796 58788 58790 $FC -120.0
DIHEDRAL 58820 58823 58825 58827 $FC  0.0
IMPROPER 58910 58921 58913 58915 $FC -120.0
DIHEDRAL 58945 58948 58950 58952 $FC  0.0
IMPROPER 59035 59046 59038 59040 $FC -120.0
DIHEDRAL 59070 59073 59075 59077 $FC  0.0
IMPROPER 59145 59152 59150 59154 $FC  120.0
IMPROPER 59162 59173 59165 59167 $FC -120.0
DIHEDRAL 59197 59200 59202 59204 $FC  0.0
IMPROPER 59287 59298 59290 59292 $FC -120.0
DIHEDRAL 59322 59325 59327 59329 $FC  0.0
IMPROPER 59412 59423 59415 59417 $FC -120.0
DIHEDRAL 59447 59450 59452 59454 $FC  0.0
IMPROPER 59537 59548 59540 59542 $FC -120.0
DIHEDRAL 59572 59575 59577 59579 $FC  0.0
IMPROPER 59662 59673 59665 59667 $FC -120.0
DIHEDRAL 59697 59700 59702 59704 $FC  0.0
IMPROPER 59787 59798 59790 59792 $FC -120.0
DIHEDRAL 59822 59825 59827 59829 $FC  0.0
IMPROPER 59912 59923 59915 59917 $FC -120.0
DIHEDRAL 59947 59950 59952 59954 $FC  0.0
IMPROPER 60022 60029 60027 60031 $FC  120.0
IMPROPER 60039 60050 60042 60044 $FC -120.0
DIHEDRAL 60074 60077 60079 60081 $FC  0.0
IMPROPER 60164 60175 60167 60169 $FC -120.0
DIHEDRAL 60199 60202 60204 60206 $FC  0.0
IMPROPER 60289 60300 60292 60294 $FC -120.0
DIHEDRAL 60324 60327 60329 60331 $FC  0.0
